   0.000     0.0000E+00       0.000000       0.000000       0.000000       0.000000      -0.000000      -0.000000
   0.600     0.3114E+00      11.439687      -7.457054      -3.982633       5.404653      -1.949780      -4.901326
   1.200     0.2545E+00       7.686727      -7.188287      -0.498440       4.275833      -3.923993      -4.026613
   1.800     0.3920E+00      12.651581      -8.419727      -4.231853       8.737360      -2.834266      -6.484606
   2.400     0.3967E+00      12.636920      -7.662294      -4.974626       9.015901      -1.944893      -6.978160
   3.000     0.2530E+00       6.169809      -4.411974      -1.757835       6.517462      -0.834917      -5.381927
   3.600     0.1831E+00       4.523223      -3.538850      -0.984373       3.087127      -2.489340      -4.591081
   4.200     0.1958E+00       5.493292      -2.733121      -2.760171      -1.418503      -4.973254      -3.462830
   4.800     0.2324E+00       1.146415      -0.221595      -0.924820      -4.923267      -7.487850      -2.988594
   5.400     0.2624E+00       2.725035       1.704212      -4.429247      -5.861627      -7.167038      -4.227082
   6.000     0.2950E+00       8.127523       2.137652     -10.265176       0.385702      -2.706304      -8.070052
   6.600     0.5430E+00      12.174048       3.837399     -16.011448      10.353716       5.873441     -11.764038
   7.200     0.5941E+00      11.055961       5.257014     -16.312975      12.988774       8.641119     -11.367208
   7.800     0.2887E+00       0.043771       7.288397      -7.332168       4.869729       4.405951      -6.264499
   8.400     0.2210E+00       0.924049       3.836472      -4.760521       0.751306       2.988260      -7.183201
   9.000     0.2786E+00       7.829595      -3.379888      -4.449707      -2.682414      -0.303290      -9.268337
   9.600     0.5738E+00      19.051603     -14.332474      -4.719130      -3.327562      -1.941792     -15.957943
  10.200     0.1203E+01      45.932858     -31.062971     -14.869886      -3.023110      -3.177908     -25.692543
  10.800     0.2017E+01      79.603264     -49.584824     -30.018440       2.523815      -4.766633     -40.407185
  11.400     0.2648E+01     103.770782     -62.121735     -41.649048       4.856678      -9.520821     -54.085781
  12.000     0.3170E+01     121.294853     -69.200790     -52.094059       9.005790     -17.023216     -67.972084
  12.600     0.3608E+01     133.467392     -72.619598     -60.847794      12.068139     -26.047991     -81.674561
  13.200     0.4272E+01     155.009720     -77.183464     -77.826256      18.142822     -34.807983     -98.637459
  13.800     0.4389E+01     149.191345     -68.979591     -80.211754      30.077463     -39.351540    -108.851959
  14.400     0.4488E+01     138.851761     -58.826065     -80.025696      42.511173     -42.252937    -119.952377
  15.000     0.5034E+01     144.704163     -53.817162     -90.887001      58.684948     -42.660591    -140.414215
  15.600     0.5547E+01     150.745010     -50.002869    -100.742142      64.874832     -52.228676    -158.824860
  16.200     0.6152E+01     164.492188     -49.233864    -115.258324      63.629318     -66.285118    -177.852798
  16.800     0.6517E+01     168.439316     -44.310066    -124.129250      62.046963     -77.816467    -190.503128
  17.400     0.7255E+01     195.294266     -47.171875    -148.122391      56.955685     -90.061646    -208.667755
  18.000     0.8470E+01     247.091721     -57.505051    -189.586670      54.028835    -100.955528    -233.280289
  18.600     0.9206E+01     275.922974     -56.218979    -219.703995      66.934853     -92.886948    -249.439987
  19.200     0.8640E+01     251.113800     -35.644226    -215.469574      77.623474     -74.652077    -236.148758
  19.800     0.7739E+01     208.957138      -9.292374    -199.664764      88.828072     -51.330559    -214.936508
  20.400     0.7711E+01     208.869141       0.250534    -209.119675      93.510414     -38.460491    -210.153442
  21.000     0.8314E+01     238.226181      -1.767654    -236.458527      95.698570     -32.401829    -218.741302
  21.600     0.8202E+01     235.684875       5.189697    -240.874573      91.767372     -29.211554    -213.794159
  22.200     0.7852E+01     226.262207      12.080795    -238.343002      77.904968     -36.305935    -204.067688
  22.800     0.7350E+01     208.712204      20.224030    -228.936234      61.313946     -46.143875    -192.925354
  23.400     0.6940E+01     195.076843      25.128403    -220.205246      42.689251     -58.065903    -183.759430
  24.000     0.6872E+01     195.171692      23.147263    -218.318954      26.840773     -70.645462    -181.370834
  24.600     0.7377E+01     218.627823      12.171768    -230.799591      17.876011     -80.316933    -190.831039
  25.200     0.8223E+01     255.584946      -4.355911    -251.229034      15.682239     -86.660286    -207.159988
  25.800     0.9144E+01     295.045044     -22.072205    -272.972839      17.926235     -89.044815    -225.981842
  26.400     0.1111E+02     376.770508     -55.396729    -321.373779      25.993233     -91.286835    -266.254272
  27.000     0.1241E+02     429.697174     -78.491943    -351.205231      41.281940     -83.020142    -294.816620
  27.600     0.1336E+02     467.696747     -96.947937    -370.748810      57.606823     -70.713020    -317.570770
  28.200     0.1400E+02     492.254822    -112.036163    -380.218658      71.548157     -59.072765    -333.912598
  28.800     0.1474E+02     520.531494    -128.434357    -392.097137      82.166542     -52.196396    -352.513062
  29.400     0.1557E+02     552.390686    -144.645752    -407.744934      88.729309     -49.906281    -372.197388
  30.000     0.1492E+02     525.716736    -138.828461    -386.888275      89.454582     -46.279808    -361.113525
  30.600     0.1406E+02     491.205750    -127.913818    -363.291931      86.878311     -42.672523    -345.269684
  31.200     0.1447E+02     510.043152    -134.796997    -375.246155      74.285194     -54.261276    -351.852203
  31.800     0.1538E+02     550.012695    -147.239777    -402.772919      57.767883     -67.640366    -366.621246
  32.400     0.1427E+02     509.018646    -127.444000    -381.574646      51.398003     -54.061344    -341.872284
  33.000     0.1147E+02     397.650330     -79.836975    -317.813354      58.302223     -13.185719    -285.602234
  33.600     0.9430E+01     315.974701     -42.061340    -273.913361      57.848354      21.584379    -241.049820
  34.200     0.8290E+01     266.263123     -13.850037    -252.413086      57.676907      53.871082    -211.950714
  34.800     0.7620E+01     233.022522      10.112106    -243.134628      54.568214      82.183250    -188.225891
  35.400     0.7354E+01     213.317520      30.433899    -243.751419      51.419937     108.162857    -168.675095
  36.000     0.7397E+01     206.476013      46.686554    -253.162567      46.282452     130.194412    -151.761292
  36.600     0.7678E+01     214.569351      56.856705    -271.426056      37.004303     144.774704    -137.303375
  37.200     0.8040E+01     223.362625      67.393723    -290.756348      30.468166     160.921738    -123.250389
  37.800     0.8162E+01     226.251999      79.084457    -305.336456      15.394363     166.899780    -104.757790
  38.400     0.8140E+01     220.230484      93.395493    -313.625977       2.120464     171.307846     -84.261612
  39.000     0.8190E+01     217.928238     103.855453    -321.783691      -8.325939     174.723846     -66.748161
  39.600     0.8119E+01     214.497116     110.174118    -324.671234     -19.752384     171.426956     -49.902946
  40.200     0.7732E+01     199.699234     114.767410    -314.466644     -27.891691     162.225922     -33.478062
  40.800     0.7065E+01     177.652283     116.297638    -293.949921     -35.135754     143.480988     -17.628391
  41.400     0.6190E+01     149.277298     115.253647    -264.530945     -38.243740     119.490288      -3.466666
  42.000     0.5218E+01     119.929153     110.198944    -230.128098     -34.346310      94.139862       5.793241
  42.600     0.4254E+01      95.519249      99.439919    -194.959167     -26.667099      67.363792       9.965041
  43.200     0.3381E+01      75.316299      85.078598    -160.394897     -19.073875      43.836597      10.520882
  43.800     0.2550E+01      56.285801      67.570587    -123.856384     -12.968055      24.417849       9.561401
  44.400     0.1720E+01      36.681122      47.579483     -84.260605      -7.937384      11.426011       7.355339
  45.000     0.8827E+00      18.216824      24.381054     -42.597878      -5.288178       3.010082       4.636448
  45.600     0.0000E+00       0.000000       0.000000       0.000000       0.000000      -0.000000      -0.000000
