    1    1   -15.00   -80.00    37.00381   136.56845    20.604     0.0578    -0.039500002     0.053400002    -0.013900000     0.013100000    -0.029600000     0.001700000   20   60.54  297.87   45.85   60.92  -137.37   -52.84  259.02    2.28   97.65   56.74    8.56   31.86   -16.25
    1    2   -15.00   -75.00    37.02965   136.61479    20.604     0.0988     0.004000000     0.068200000    -0.072200000     0.017999999    -0.060100000    -0.033700000   20   60.38  328.95   52.39   88.14  -177.66   -37.63  277.90   21.10  146.54   27.03   24.12   52.33   -33.36
    1    3   -15.00   -70.00    37.05549   136.66112    20.604     0.1146    -0.043299999     0.112399995    -0.069100000     0.022600001    -0.046700001    -0.032299999   20   59.45  318.37   56.82   73.62  -160.31   -34.78  274.17   12.12  116.27   35.90   10.81   52.00    29.73
    1    4   -15.00   -65.00    37.08134   136.70744    20.604     0.1335    -0.027899999     0.128099993    -0.100199997     0.015900001    -0.036100000    -0.054499999   20   58.74  326.17   71.01   82.57  -172.14   -19.15  281.03   13.75  125.75   18.75    7.97   69.51    28.42
    1    5   -15.00   -60.00    37.10718   136.75377    20.604     0.1861     0.049699999     0.116800003    -0.166500002     0.024300000    -0.052900001    -0.103500001   20   62.33  155.00   69.11   83.06   172.57    21.05  287.01   20.48  172.43    9.59   19.73   67.88   -41.19
    1    6   -15.00   -55.00    37.13302   136.80009    20.604     0.2125     0.076899998     0.117000006    -0.193900004     0.023900000    -0.052299999    -0.128500000   20   63.51  157.42   69.08   79.86   169.14    21.27  289.06   22.07  181.75    7.36   22.15   66.54   -53.65
    1    7   -15.00   -50.00    37.15887   136.84644    20.604     0.2523     0.097900003     0.130899996    -0.228799999     0.047100000    -0.037900001    -0.155800000   20   62.74  158.72   69.87   74.15   163.09    20.97  290.10   21.50  194.20    2.88   25.88   63.93   -49.34
    1    8   -15.00   -45.00    37.18471   136.89276    20.604     0.2998     0.100199997     0.155400008    -0.255600005     0.090800002    -0.014600000    -0.183899999   20   62.31  159.17   72.80   68.90   157.86    18.48  111.34   19.97  206.30    2.61   27.63   62.23   -33.01
    1    9   -15.00   -40.00    37.21055   136.93909    20.604     0.3398     0.112899996     0.161100000    -0.273999989     0.126100004    -0.009100000    -0.209900007   20   62.49  160.93   72.49   65.05   153.75    19.38  112.96   20.03  211.12    4.91   30.73   58.79   -24.67
    1   10   -15.00   -35.00    37.23640   136.98541    20.604     0.3815     0.137099996     0.157300010    -0.294400007     0.169400007     0.039600000    -0.229599997   20   61.73  162.04   74.46   57.25   145.84    18.58  115.13   17.24  220.19   11.13   34.89   52.86   -28.46
    1   11   -15.00   -30.00    37.26224   137.03174    20.604     0.4156     0.158099994     0.159199998    -0.317299992     0.191200003     0.078599997    -0.244200006   20   60.59  162.11   75.10   53.10   141.59    18.76  115.76   14.76  222.62   14.05   37.33   49.22   -36.18
    1   12   -15.00   -25.00    37.28808   137.07808    20.604     0.4759     0.160899997     0.172500014    -0.333400011     0.241699994     0.130099997    -0.273699999   20   61.01  161.95   77.72   48.90   137.72    16.39  117.56   12.58  227.84   18.33   37.97   46.29   -37.35
    1   13   -15.00   -20.00    37.31393   137.12440    20.604     0.4965     0.103600003     0.208900005    -0.312500000     0.269800007     0.170599997    -0.274399996   20   62.97  158.81   83.58   47.91   137.58     8.67  118.35   11.77  235.99   23.26   33.58   47.19   -34.87
    1   14   -15.00   -15.00    37.33977   137.17073    20.604     0.4884     0.042800002     0.238799989    -0.281599998     0.256700009     0.221100003    -0.255199999   20   63.87  154.26   89.57   47.72   137.72     0.58  117.51   10.50  243.40   28.06   28.75   47.71   -43.14
    1   15   -15.00   -10.00    37.36561   137.21706    20.604     0.4988    -0.016400000     0.256999999    -0.240600005     0.269199997     0.276199996    -0.230100006   20  149.81  243.69   43.90   86.27    -5.39  -133.77  117.66    7.20  247.26   33.75   27.61   43.65   -49.70
    1   16   -15.00    -5.00    37.39146   137.26338    20.604     0.4854    -0.126000002     0.278400004    -0.152400002     0.265500009     0.298700005    -0.182999998   20  142.87  245.72   40.64   79.19   -16.74  -129.41  118.55    5.11  254.48   42.01   23.83   38.58   -52.21
    1   17   -15.00     0.00    37.41730   137.30971    20.604     0.4906    -0.256199986     0.303199977    -0.046999998     0.254000008     0.322699994    -0.126599997   20  131.17  246.45   36.34   72.56   -30.39  -122.40  119.06    0.38  257.22   51.40   20.96   30.74   -61.57
    1   18   -15.00     5.00    37.44314   137.35605    20.604     0.5171    -0.381000012     0.326700002     0.054299999     0.239600003     0.339100003    -0.066600002   20  113.00  242.26   31.23   69.00   -43.71  -113.67  118.71  349.91  251.19   59.09   20.56   22.01   -70.65
    1   19   -15.00    10.00    37.46899   137.40237    20.604     0.5414    -0.453399986     0.336299986     0.117100000     0.231500000     0.339100003    -0.023100000   20   95.53  236.22   27.76   67.84   -54.07  -107.16  118.68  339.14  242.86   63.18   21.04   15.86   -71.88
    1   20   -15.00    15.00    37.49483   137.44870    20.604     0.5419    -0.458499998     0.325100005     0.133399993     0.247999996     0.316100001    -0.000300000   20   87.65  234.88   25.70   67.97   -59.89  -103.57  122.23  335.18  240.05   64.48   21.84   12.57   -66.19
    1   21   -15.00    20.00    37.52067   137.49503    20.604     0.6115    -0.522499979     0.352199972     0.170300007     0.249500006     0.373800009     0.029700000   20   76.55  227.95   24.73   67.98   -63.66  -101.55  118.26  326.74  232.33   65.14   22.16   10.70   -64.84
    1   22   -15.00    25.00    37.54652   137.54135    20.604     0.6724    -0.595499992     0.387099981     0.208399996     0.243599996     0.395000011     0.071300000   20   70.60  225.39   25.94   66.25   -67.06  -100.74  115.67  323.48  229.76   67.03   20.55    9.82   -60.06
    1   23   -15.00    30.00    37.57236   137.58769    20.604     0.6834    -0.637300014     0.398300022     0.238999993     0.245499998     0.344300002     0.106500000   20   66.19  227.40   27.54   63.73   -73.21   -98.57  119.42  323.77  231.21   70.05   18.30    7.68   -53.92
    1   24   -15.00    35.00    37.59820   137.63402    20.604     0.6900    -0.656300008     0.398400009     0.257900000     0.245700002     0.306400001     0.139799997   20   61.86  228.14   28.56   62.13   -77.90   -96.51  123.02  322.94  231.19   72.10   16.89    5.75   -47.30
    1   25   -15.00    40.00    37.62405   137.68034    20.604     0.7077    -0.696900010     0.410200000     0.286700010     0.226600006     0.261500001     0.181199998   20   57.55  228.51   30.80   59.51   -82.22   -94.62  125.77  321.88  230.85   75.04   14.40    3.98   -41.23
    1   26   -15.00    45.00    37.64989   137.72667    20.604     0.6904    -0.684099972     0.400999963     0.283100009     0.196099997     0.240899995     0.200299993   20   56.78  227.61   32.10   58.23   -82.21   -94.86  123.03  321.14  230.17   76.24   13.11    4.13   -36.51
    1   27   -15.00    50.00    37.67573   137.77299    20.604     0.6522    -0.637799978     0.375999987     0.261799991     0.189799994     0.231000006     0.195999995   20   56.87  227.53   31.82   58.52   -82.04   -94.91  123.09  321.10  230.10   75.95   13.39    4.19   -33.68
    1   28   -15.00    55.00    37.70158   137.81932    20.604     0.6083    -0.588500023     0.338800013     0.249699995     0.161500007     0.241999999     0.183200002   20   56.85  224.17   31.55   59.08   -79.14   -96.60  115.86  318.97  227.57   75.01   13.84    5.66   -34.46
    1   29   -15.00    60.00    37.72742   137.86566    20.604     0.4930    -0.476399988     0.265999973     0.210400000     0.126900002     0.195999995     0.153300002   20   55.01  222.90   31.63   58.95   -79.65   -96.32  115.17  317.50  226.17   75.21   13.73    5.41   -33.10
    1   30   -15.00    65.00    37.75326   137.91199    20.604     0.2496    -0.242100000     0.134299994     0.107799999     0.055000000     0.098700002     0.082099997   20   55.44  221.45   32.59   58.18   -78.14   -97.48  109.73  316.87  225.41   75.59   12.88    6.35   -31.24
    2    1   -10.00   -80.00    37.03404   136.54189    17.736     0.0887    -0.028100001     0.074200004    -0.046100002     0.010500000    -0.063000001    -0.004200000   20   56.51  311.23   54.18   69.93  -154.97   -38.54  268.38    7.08  107.92   41.03    9.86   47.29   -48.12
    2    2   -10.00   -75.00    37.05988   136.58821    17.736     0.1648    -0.014000000     0.127399996    -0.113399997     0.027200000    -0.105800003    -0.037700001   20   58.76  322.51   53.04   81.77  -169.68   -37.41  273.86   16.09  131.91   31.76   18.90   51.83   -37.02
    2    3   -10.00   -70.00    37.08573   136.63454    17.736     0.2184    -0.002600000     0.172099993    -0.169499993     0.029800000    -0.113399997    -0.074000001   20   59.21  325.92   60.12   84.30  -173.42   -30.05  278.40   16.28  136.17   25.00   16.38   59.47   -26.54
    2    4   -10.00   -65.00    37.11157   136.68088    17.736     0.3167     0.117899999     0.170000002    -0.287900001     0.032099999    -0.137999997    -0.160699993   20   61.14  157.99   57.70   79.31   167.32    32.94  285.75   24.41  173.97   14.28   30.60   55.56   -57.32
    2    5   -10.00   -60.00    37.13741   136.72720    17.736     0.4403     0.250499994     0.155499995    -0.405999988     0.031700000    -0.160699993    -0.254799992   20   57.77  169.37   49.63   66.58   148.56    44.90  289.96   31.34  191.11   10.19   47.65   40.54   -67.23
    2    6   -10.00   -55.00    37.16326   136.77353    17.736     0.5599     0.377000004     0.134799987    -0.511799991     0.019800000    -0.172399998    -0.336899996   20   50.32  180.03   43.71   58.59   131.04    57.89  292.35   37.81  198.14    8.20   61.61   26.98   -69.28
    2    7   -10.00   -50.00    37.18910   136.81985    17.736     0.6436     0.441199988     0.146200031    -0.587400019     0.043499999    -0.153899997    -0.402799994   20   51.22  179.41   46.47   56.94   131.20    55.26  293.30   33.79  200.13    5.81   60.78   28.53   -69.06
    2    8   -10.00   -45.00    37.21494   136.86618    17.736     0.7396     0.496199995     0.167799979    -0.663999975     0.099799998    -0.140400007    -0.466800004   20   54.06  175.97   50.71   57.14   135.49    48.93  293.71   29.24  201.28    3.68   56.25   33.50   -63.42
    2    9   -10.00   -40.00    37.24079   136.91251    17.736     0.8429     0.563300014     0.164600015    -0.727900028     0.174099997    -0.121299997    -0.530200005   20   55.06  175.42   53.38   55.79   135.53    46.16  294.75   26.73  203.78    1.39   55.02   34.94   -54.39
    2   10   -10.00   -35.00    37.26663   136.95885    17.736     0.9334     0.622900009     0.159999967    -0.782899976     0.255899996    -0.057999998    -0.582599998   20   54.98  175.30   56.34   52.84   133.47    44.07  115.85   22.97  207.26    2.02   54.99   34.93   -48.76
    2   11   -10.00   -30.00    37.29247   137.00517    17.736     1.0061     0.672100008     0.156700015    -0.828800023     0.316100001     0.001900000    -0.618900001   20   54.31  175.57   58.08   50.20   131.05    43.49  116.54   19.88  209.58    4.52   55.74   33.87   -46.40
    2   12   -10.00   -25.00    37.31832   137.05150    17.736     1.0781     0.670400023     0.190699995    -0.861100018     0.402599990     0.102899998    -0.658900023   20   55.23  173.28   62.37   48.07   131.04    38.57  117.25   15.99  213.24    8.31   53.18   35.57   -45.74
    2   13   -10.00   -20.00    37.34416   137.09782    17.736     1.0610     0.583500028     0.240099967    -0.823599994     0.435299993     0.187500000    -0.653699994   20   57.02  169.68   67.09   47.66   133.01    31.79  117.52   14.01  217.06   11.59   48.73   38.92   -48.57
    2   14   -10.00   -15.00    37.37000   137.14415    17.736     0.9878     0.440200001     0.299599975    -0.739799976     0.426299989     0.290199995    -0.608200014   20   58.93  164.45   73.55   47.81   135.55    22.47  117.26   12.11  222.83   15.94   42.47   43.21   -55.36
    2   15   -10.00   -10.00    37.39585   137.19049    17.736     0.9415     0.321700007     0.326999992    -0.648699999     0.439599991     0.378300011    -0.557799995   20   59.99  160.75   78.98   46.22   135.18    15.36  117.56    9.94  229.10   20.74   38.64   44.12   -58.07
    2   16   -10.00    -5.00    37.42169   137.23682    17.736     0.8248     0.128900006     0.364199996    -0.493099988     0.401499987     0.409200013    -0.462099999   20   63.47  155.21   88.07   48.11   138.08     2.60  117.42   10.77  241.32   26.63   29.74   48.04   -57.77
    2   17   -10.00     0.00    37.44753   137.28314    17.736     0.7391    -0.081699997     0.399599999    -0.317900002     0.379099995     0.417600006    -0.361499995   20  149.73  247.38   47.29   81.79   -11.20  -136.74  118.15   11.19  256.01   35.49   22.25   46.12   -51.77
    2   18   -10.00     5.00    37.47338   137.32947    17.736     0.7165    -0.262100011     0.427399993    -0.165299997     0.376300007     0.436100006    -0.280999988   20  142.87  250.30   43.05   74.37   -23.24  -130.64  119.65    9.45  263.32   45.01   19.04   38.85   -53.51
    2   19   -10.00    10.00    37.49922   137.37579    17.736     0.7734    -0.419999987     0.467799991    -0.047800001     0.394899994     0.517300010    -0.217899993   20  132.72  248.61   37.69   71.35   -31.53  -123.37  119.67    2.98  260.50   51.78   19.48   31.41   -66.58
    2   20   -10.00    15.00    37.52506   137.42213    17.736     0.8093    -0.514900029     0.487800032     0.027100001     0.412400007     0.542200029    -0.165500000   20  122.96  245.07   32.69   71.16   -36.71  -117.23  120.31  355.41  254.50   55.43   21.52   25.66   -69.99
    2   21   -10.00    20.00    37.55091   137.46846    17.736     0.8757    -0.566500008     0.512899995     0.053599998     0.429600000     0.620599985    -0.136500001   20  113.93  238.50   28.55   72.84   -38.11  -113.17  118.60  346.29  245.70   56.07   24.37   22.09   -73.09
    2   22   -10.00    25.00    37.57675   137.51479    17.736     0.9414    -0.674499989     0.563799977     0.110699996     0.419000000     0.663999975    -0.078400001   20  102.50  233.82   26.78   71.57   -44.55  -109.78  116.36  339.01  240.30   58.74   24.06   18.73   -72.18
    2   23   -10.00    30.00    37.60259   137.56111    17.736     0.9585    -0.744799972     0.588599980     0.156200007     0.432300001     0.610000014    -0.023600001   20   96.38  234.78   26.67   69.41   -51.57  -107.34  118.38  337.97  241.04   61.70   22.53   16.20   -64.98
    2   24   -10.00    35.00    37.62844   137.60744    17.736     0.9385    -0.758599997     0.583400011     0.175200000     0.418700010     0.552399993     0.034899998   20   90.00  234.12   26.49   68.01   -57.09  -105.15  119.33  335.59  239.92   63.85   21.60   14.03   -57.40
    2   25   -10.00    40.00    37.65428   137.65376    17.736     0.9424    -0.819199979     0.603299975     0.215900004     0.392399997     0.484499991     0.107400000   20   82.04  234.14   27.67   65.14   -64.88  -102.55  120.52  333.50  239.49   67.45   19.20   11.37   -49.42
    2   26   -10.00    45.00    37.68012   137.70010    17.736     0.9363    -0.839900017     0.597900033     0.241999999     0.352999985     0.457399994     0.156900004   20   76.33  232.06   28.61   63.56   -68.41  -101.35  118.86  330.47  237.17   69.32   17.82   10.15   -45.14
    2   27   -10.00    50.00    37.70597   137.74643    17.736     0.8986    -0.797900021     0.561100006     0.236800000     0.335599989     0.439099997     0.174700007   20   73.78  230.57   28.37   63.60   -69.33  -100.79  118.37  328.57  235.42   69.48   17.93    9.66   -41.33
    2   28   -10.00    55.00    37.73181   137.79276    17.736     0.8286    -0.743799984     0.497500002     0.246299997     0.272799999     0.412800014     0.190400004   20   69.23  226.78   28.91   62.96   -70.12  -100.64  114.20  324.64  231.66   70.13   17.31    9.46   -39.87
    2   29   -10.00    60.00    37.75765   137.83908    17.736     0.6679    -0.594099998     0.384100020     0.209999993     0.216000006     0.342200011     0.160300002   20   66.55  224.67   28.42   63.33   -70.55  -100.22  113.25  322.24  229.30   69.92   17.73    9.12   -39.06
    2   30   -10.00    65.00    37.78350   137.88541    17.736     0.3537    -0.319900006     0.202500015     0.117399998     0.102799997     0.171800002     0.098700002   20   64.55  223.74   29.71   61.92   -71.73  -100.14  110.95  321.20  228.56   71.25   16.34    8.94   -34.28
    3    1    -5.00   -80.00    37.06427   136.51532    14.868     0.1124    -0.011700000     0.085499994    -0.073799998     0.017000001    -0.078000002    -0.021199999   20   58.98  321.44   51.35   80.69  -168.04   -39.26  272.64   16.04  130.25   33.78   19.10   49.83   -46.13
    3    2    -5.00   -75.00    37.09012   136.56165    14.868     0.2555     0.090899996     0.123900004    -0.214800000     0.018200001    -0.167999998    -0.093999997   20   57.66  162.12   41.44   77.57   161.03    50.14  281.42   33.81  172.30   22.20   43.02   38.75   -63.51
    3    3    -5.00   -70.00    37.11596   136.60797    14.868     0.4208     0.229499996     0.138700008    -0.368200004     0.019099999    -0.227300003    -0.195800006   20   52.75  172.98   39.11   67.74   143.10    56.97  286.66   41.10  186.82   16.31   54.74   30.30   -60.81
    3    4    -5.00   -65.00    37.14180   136.65430    14.868     0.6936     0.492100000     0.100099981    -0.592199981     0.011000000    -0.292299986    -0.355500013   20   44.34  185.65   37.16   59.39   122.54    67.82  291.47   51.52  197.38   11.74   67.46   18.96   -52.03
    3    5    -5.00   -60.00    37.16765   136.70062    14.868     0.9591     0.736800015     0.057699978    -0.794499993    -0.008700000    -0.351799995    -0.507399976   20   40.86  191.84   37.02   56.60   113.89    73.02  293.95   58.40  201.38   10.10   72.53   14.11   -47.54
    3    6    -5.00   -55.00    37.19349   136.74695    14.868     1.1783     0.936900020     0.027899981    -0.964800000    -0.014300000    -0.378600001    -0.641799986   20   39.76  194.56   37.85   54.89   110.38    74.86  295.33   59.75  203.41    8.72   74.81   12.34   -46.39
    3    7    -5.00   -50.00    37.21933   136.79329    14.868     1.3528     1.092000008     0.018299937    -1.110299945     0.005000000    -0.374599993    -0.758199990   20   39.92  195.11   39.25   53.44   109.70    74.60  296.02   55.88  204.43    7.26   75.65   12.31   -47.14
    3    8    -5.00   -45.00    37.24518   136.83961    14.868     1.5196     1.231799960     0.015400052    -1.247200012     0.066600002    -0.357100010    -0.874100029   20   41.98  193.62   41.36   52.23   112.05    71.71  296.51   47.28  205.07    5.60   74.54   14.37   -47.08
    3    9    -5.00   -40.00    37.27102   136.88594    14.868     1.6836     1.367599964     0.001500010    -1.369099975     0.176300004    -0.303400010    -0.987399995   20   44.68  191.48   44.35   50.71   115.07    67.49  297.21   37.76  206.18    3.32   72.43   17.23   -44.92
    3   10    -5.00   -35.00    37.29686   136.93227    14.868     1.8176     1.473999977    -0.009400010    -1.464599967     0.285800010    -0.239299998    -1.069800019   20   46.29  189.85   46.88   49.33   116.78    64.30  297.71   31.41  207.26    1.29   70.75   19.20   -42.29
    3   11    -5.00   -30.00    37.32271   136.97859    14.868     1.9243     1.548699975    -0.006600022    -1.542099953     0.396400005    -0.175099999    -1.122099996   20   47.42  188.07   49.12   48.22   118.22    61.35  117.89   26.64  208.07    0.48   69.05   20.95   -39.34
    3   12    -5.00   -25.00    37.34855   137.02493    14.868     1.9592     1.539700031     0.030099988    -1.569800019     0.481299996    -0.058499999    -1.156200051   20   48.17  186.36   51.69   46.67   119.01    58.45  118.09   21.59  209.20    2.69   67.45   22.37   -41.16
    3   13    -5.00   -20.00    37.37439   137.07126    14.868     1.8765     1.427299976     0.084200025    -1.511500001     0.494599998     0.055100001    -1.138100028   20   48.51  184.92   53.77   45.33   119.37    56.21  118.15   17.78  210.11    4.54   66.21   23.30   -46.86
    3   14    -5.00   -15.00    37.40024   137.11758    14.868     1.7364     1.254199982     0.148599982    -1.402799964     0.493099988     0.176799998    -1.085899949   20   49.15  182.62   56.45   43.95   120.25    52.78  118.13   13.90  211.29    6.79   64.14   24.82   -53.97
    3   15    -5.00   -10.00    37.42608   137.16391    14.868     1.6168     1.105100036     0.177299976    -1.282400012     0.507200003     0.288500011    -1.026299953   20   49.75  180.72   59.29   42.17   120.46    49.52  118.45   10.13  213.04    9.38   62.27   25.84   -58.31
    3   16    -5.00    -5.00    37.45192   137.21024    14.868     1.4996     0.962000012     0.168499947    -1.130499959     0.542400002     0.332199991    -0.957599998   20   52.08  178.60   62.27   41.46   122.15    44.65  119.49    9.37  215.78   11.59   59.20   28.10   -57.32
    3   17    -5.00     0.00    37.47777   137.25656    14.868     1.3394     0.758400023     0.180399954    -0.938799977     0.553099990     0.374900013    -0.874899983   20   55.60  174.94   66.69   41.32   125.14    36.82  120.73    9.66  220.03   14.55   54.18   31.91   -59.23
    3   18    -5.00     5.00    37.50361   137.30290    14.868     1.1510     0.507799983     0.232600033    -0.740400016     0.518100023     0.440499991    -0.768599987   20   59.62  168.41   73.63   42.37   129.64    24.72  121.15   10.30  226.48   18.86   46.19   37.74   -66.57
    3   19    -5.00    10.00    37.52945   137.34923    14.868     0.9723     0.191499993     0.343100011    -0.534600019     0.458900005     0.513100028    -0.619000018   20   66.27  158.08   87.94   48.79   138.75     2.74  119.95   13.89  243.92   26.13   29.43   48.71   -70.91
    3   20    -5.00    15.00    37.55529   137.39555    14.868     0.9455     0.009900000     0.403099984    -0.412999988     0.462300003     0.605599999    -0.532599986   20  152.73  247.87   48.15   84.29    -7.68  -137.89  119.24   12.81  254.15   32.83   23.67   47.58   -73.68
    3   21    -5.00    20.00    37.58114   137.44188    14.868     1.0003    -0.090000004     0.449600011    -0.359600008     0.492000014     0.736699998    -0.489699990   20  147.41  245.02   43.03   82.95   -10.36  -132.56  118.16    7.01  251.45   37.13   25.48   42.16   -81.06
    3   22    -5.00    25.00    37.60698   137.48820    14.868     1.0179    -0.196400002     0.495299995    -0.298900008     0.495400012     0.789799988    -0.433699995   20  142.58  243.40   40.31   80.95   -14.07  -129.45  117.13    3.21  250.77   40.57   25.34   38.86   -82.19
    3   23    -5.00    30.00    37.63282   137.53455    14.868     1.0003    -0.273000002     0.525699973    -0.252700001     0.506399989     0.750199974    -0.362599999   20  138.74  242.12   37.48   79.94   -16.69  -126.29  117.07  359.86  249.43   43.21   25.95   35.65   -74.53
    3   24    -5.00    35.00    37.65867   137.58087    14.868     0.9563    -0.304199994     0.532299995    -0.228100002     0.495799989     0.695900023    -0.283300012   20  134.73  239.92   34.78   79.69   -18.29  -123.40  116.50  355.83  246.66   45.02   27.01   32.79   -66.67
    3   25    -5.00    40.00    37.68451   137.62720    14.868     0.9015    -0.360799998     0.551200032    -0.190400004     0.454699993     0.637300014    -0.191799998   20  129.11  238.63   33.98   77.31   -23.15  -121.78  114.90  353.01  246.39   47.88   25.53   30.92   -58.69
    3   26    -5.00    45.00    37.71035   137.67352    14.868     0.8522    -0.398900002     0.546000004    -0.147100002     0.409799993     0.600399971    -0.118000001   20  122.97  236.55   32.70   75.60   -27.41  -119.68  113.20  349.23  244.62   50.43   24.78   28.66   -55.07
    3   27    -5.00    50.00    37.73620   137.71985    14.868     0.7892    -0.373199999     0.500599980    -0.127399996     0.363799989     0.573599994    -0.068800002   20  118.45  232.91   30.88   76.09   -27.92  -117.85  111.27  344.46  240.15   50.97   25.91   26.97   -54.43
    3   28    -5.00    55.00    37.76204   137.76619    14.868     0.6847    -0.354699999     0.430000007    -0.075300001     0.290300012     0.511900008    -0.017800000   20  111.23  229.17   29.10   75.38   -31.26  -115.45  109.02  338.94  236.02   52.78   26.06   24.57   -55.13
    3   29    -5.00    60.00    37.78788   137.81252    14.868     0.5186    -0.262800008     0.314300001    -0.051500000     0.217700005     0.395099998    -0.001300000   20  108.38  226.63   27.39   76.22   -31.18  -113.91  108.35  335.45  232.66   52.77   27.35   23.18   -54.12
    3   30    -5.00    65.00    37.81373   137.85884    14.868     0.2802    -0.133699998     0.165099993    -0.031399999     0.117299996     0.217999995    -0.000500000   20  108.32  225.05   26.45   77.39   -29.36  -113.44  107.89  333.73  230.46   51.95   28.60   22.84   -54.34
    4    1     0.00   -80.00    37.09451   136.48874    12.000     0.1717     0.084700003     0.061800003    -0.146500006     0.011500000    -0.100599997    -0.074500002   20   54.25  170.02   39.10   70.54   148.11    55.39  285.04   39.68  182.97   18.25   51.66   32.38   -58.11
    4    2     0.00   -75.00    37.12035   136.53506    12.000     0.4669     0.324299991     0.060600013    -0.384900004    -0.003200000    -0.235900000    -0.211400002   20   41.71  186.36   33.52   61.62   120.60    71.37  289.86   59.70  195.47   14.68   67.76   16.33   -45.57
    4    3     0.00   -70.00    37.14619   136.58139    12.000     0.8511     0.660399973     0.016800046    -0.677200019    -0.017899999    -0.369500011    -0.402000010   20   39.46  192.28   34.59   58.47   112.91    74.97  293.09   65.54  200.27   12.26   72.15   12.77   -36.24
    4    4     0.00   -65.00    37.17204   136.62773    12.000     1.2959     1.064299941    -0.060599923    -1.003700018    -0.031900000    -0.492700011    -0.632200003   20   39.09  195.85   35.81   56.45   109.19    76.65  295.41   67.88  203.32   10.52   74.62   11.09   -31.13
    4    5     0.00   -60.00    37.19788   136.67406    12.000     1.6854     1.414000034    -0.133900046    -1.280099988    -0.065899998    -0.601800025    -0.837000012   20   38.57  198.35   36.06   55.66   106.58    78.26  296.75   71.69  205.04    9.94   76.06    9.67   -29.61
    4    6     0.00   -55.00    37.22372   136.72038    12.000     2.0119     1.713099957    -0.189999938    -1.523100019    -0.072499998    -0.652599990    -1.025300026   20   38.50  199.60   36.93   54.58   105.30    78.78  297.61   71.32  206.16    8.94   77.17    9.12   -30.03
    4    7     0.00   -50.00    37.24957   136.76671    12.000     2.2946     1.976899981    -0.236799955    -1.740100026    -0.065300003    -0.675000012    -1.190000057   20   38.35  200.34   37.80   53.59   104.41    79.07  298.12   69.84  206.87    7.99   78.09    8.78   -30.41
    4    8     0.00   -45.00    37.27541   136.81303    12.000     2.5482     2.211999893    -0.270199895    -1.941799998     0.001700000    -0.662999988    -1.349699974   20   39.38  199.73   39.26   52.42   105.46    77.71  298.45   62.46  207.30    6.68   78.18    9.71   -30.86
    4    9     0.00   -40.00    37.30125   136.85938    12.000     2.7633     2.412499905    -0.295599937    -2.116899967     0.116800003    -0.585900009    -1.500900030   20   40.70  198.77   41.32   50.80   106.82    75.73  298.85   52.14  207.90    4.82   77.95   11.01   -31.57
    4   10     0.00   -35.00    37.32710   136.90570    12.000     2.9372     2.567100048    -0.312600136    -2.254499912     0.243300006    -0.518299997    -1.611600041   20   42.03  197.43   43.10   49.61   108.49    73.47  299.05   43.71  208.31    3.33   77.04   12.51   -31.05
    4   11     0.00   -30.00    37.35294   136.95203    12.000     3.0527     2.657599926    -0.305899858    -2.351700068     0.375200003    -0.425999999    -1.687999964   20   43.14  195.96   44.91   48.44   109.99    71.18  299.15   36.41  208.69    1.82   75.91   13.97   -30.93
    4   12     0.00   -25.00    37.37878   136.99835    12.000     3.0542     2.629800081    -0.256100178    -2.373699903     0.466899991    -0.288399994    -1.718400002   20   43.55  194.85   46.65   47.10   110.60    69.56  299.15   30.04  209.09    0.24   75.17   14.82   -33.50
    4   13     0.00   -20.00    37.40462   137.04468    12.000     2.9509     2.508800030    -0.202000141    -2.306799889     0.486900002    -0.153699994    -1.704200029   20   43.36  194.72   47.87   45.87   110.12    69.17  119.28   25.37  209.55    1.03   75.18   14.78   -37.84
    4   14     0.00   -15.00    37.43047   137.09100    12.000     2.8103     2.364399910    -0.159299850    -2.205100060     0.484499991    -0.034699999    -1.655599952   20   42.83  194.97   48.86   44.66   109.17    69.40  119.39   20.99  209.94    2.16   75.51   14.32   -41.55
    4   15     0.00   -10.00    37.45631   137.13734    12.000     2.6648     2.208300114    -0.134900093    -2.073400021     0.536499977     0.074000001    -1.586400032   20   43.55  194.14   50.48   43.44   109.74    67.74  119.71   16.50  210.69    3.64   74.45   15.10   -42.79
    4   16     0.00    -5.00    37.48215   137.18367    12.000     2.4425     1.995499969    -0.133700013    -1.861799955     0.523299992     0.156499997    -1.493399978   20   43.91  194.80   51.57   42.24   109.09    67.60  120.49   12.98  211.77    4.82   74.36   14.85   -45.57
    4   17     0.00     0.00    37.50800   137.23000    12.000     2.2190     1.763200045    -0.123700023    -1.639500022     0.535000026     0.214200005    -1.402500033   20   45.65  194.20   53.15   41.30   110.15    65.32  121.47   11.11  213.24    6.15   72.80   16.00   -48.49
    4   18     0.00     5.00    37.53384   137.27632    12.000     1.9537     1.478399992    -0.058799982    -1.419600010     0.518000007     0.301400006    -1.284600019   20   46.44  192.94   55.22   39.79   110.69    63.04  121.83    7.29  214.28    8.04   71.21   16.87   -55.30
    4   19     0.00    10.00    37.55968   137.32265    12.000     1.6408     1.124099970     0.078299999    -1.202399969     0.449400008     0.466100007    -1.131399989   20   43.41  192.65   58.07   35.94   107.47    64.28  120.90  354.49  213.96   11.45   71.16   14.76   -70.12
    4   20     0.00    15.00    37.58553   137.36899    12.000     1.4673     0.905700028     0.154299915    -1.059999943     0.437999994     0.560599983    -1.018499970   20   42.01  191.00   60.96   32.93   106.26    63.23  120.20  346.45  213.95   14.50   69.50   14.17   -77.62
    4   21     0.00    20.00    37.61137   137.41531    12.000     1.4199     0.752900004     0.216600001    -0.969500005     0.461400002     0.723200023    -0.957099974   20   36.64  195.46   64.15   27.46    99.59    71.03  119.50  326.15  212.42   18.61   69.35    8.62   -82.84
    4   22     0.00    25.00    37.63721   137.46164    12.000     1.3939     0.681299984     0.239600003    -0.920899987     0.486499995     0.770699978    -0.907999992   20   36.96  192.77   66.10   25.91   100.32    67.99  119.19  326.11  212.74   20.46   67.29    9.42   -82.78
    4   23     0.00    30.00    37.66306   137.50797    12.000     1.3292     0.614600003     0.266699970    -0.881299973     0.486400008     0.758300006    -0.834900022   20   39.29  185.41   67.70   26.30   104.30    58.95  118.48  333.19  213.77   21.44   64.46   13.21   -82.20
    4   24     0.00    35.00    37.68890   137.55429    12.000     1.2790     0.597400010     0.274900019    -0.872300029     0.481099993     0.724099994    -0.754700005   20   40.48  180.42   68.41   27.35   107.20    53.24  117.49  337.57  213.98   21.58   62.66   15.96   -77.81
    4   25     0.00    40.00    37.71474   137.60062    12.000     1.1654     0.529500008     0.302100003    -0.831600010     0.432000011     0.675300002    -0.644500017   20   40.30  175.43   69.30   28.06   109.38    48.70  115.64  339.16  213.21   21.97   60.91   18.09   -76.97
    4   26     0.00    45.00    37.74059   137.64696    12.000     1.0769     0.486299992     0.299499989    -0.785799980     0.389299989     0.645600021    -0.552600026   20   37.88  174.93   69.48   27.08   108.07    50.35  114.15  335.09  211.36   22.44   61.33   16.89   -75.09
    4   27     0.00    50.00    37.76643   137.69328    12.000     0.9672     0.445199996     0.269600004    -0.714800000     0.321700007     0.611500025    -0.454699993   20   32.09  180.43   68.89   24.40   102.52    60.68  112.51  322.54  207.51   22.91   63.98   11.67   -72.96
    4   28     0.00    55.00    37.79227   137.73961    12.000     0.7937     0.376599997     0.216500014    -0.593100011     0.232600003     0.521899998    -0.346700013   20   26.10  188.53   68.33   22.62    96.67    73.71  110.98  307.76  203.63   23.06   66.03    6.19   -70.67
    4   29     0.00    60.00    37.81812   137.78593    12.000     0.5746     0.286199987     0.148200005    -0.434399992     0.151700005     0.381500006    -0.234200001   20   22.58  193.12   67.89   22.38    93.59    81.25  109.83  299.06  201.23   22.81   66.92    3.32   -66.64
    4   30     0.00    65.00    37.84396   137.83226    12.000     0.3298     0.188700005     0.062699988    -0.251399994     0.074299999     0.208700001    -0.132799998   20   19.54  201.10   66.10   23.91    89.37    91.42  110.02  288.30   19.80   21.10   68.89    0.58   -57.75
    5    1     5.00   -80.00    37.12474   136.46217     9.132     0.4209     0.350899994    -0.032599986    -0.318300009    -0.033900000    -0.173999995    -0.187700003   20   34.98  198.87   33.50   57.55   103.54    81.19  295.23   82.84  203.62   12.14   75.71    7.43   -24.24
    5    2     5.00   -75.00    37.15059   136.50850     9.132     0.8644     0.719500005    -0.073899984    -0.645600021    -0.057599999    -0.366600007    -0.383700013   20   36.51  197.99   33.55   57.83   105.60    79.89  295.29   79.42  203.42   12.29   74.96    8.55   -22.23
    5    3     5.00   -70.00    37.17643   136.55482     9.132     1.4139     1.205700040    -0.160500050    -1.045199990    -0.082599998    -0.554899991    -0.644699991   20   37.34  199.18   34.62   56.74   105.11    79.80  296.51   78.32  204.81   11.19   75.87    8.52   -20.30
    5    4     5.00   -65.00    37.20227   136.60115     9.132     1.9781     1.710600019    -0.270599961    -1.440000057    -0.111599997    -0.737399995    -0.921700001   20   38.12  200.34   35.23   56.08   104.68    79.86  297.62   78.21  206.04   10.55   76.45    8.40   -19.08
    5    5     5.00   -60.00    37.22812   136.64748     9.132     2.4417     2.125600100    -0.358900070    -1.766700029    -0.139200002    -0.865300000    -1.165599942   20   38.40  201.28   35.72   55.50   104.04    80.10  298.37   78.42  206.92   10.00   77.05    8.14   -19.87
    5    6     5.00   -55.00    37.25396   136.69380     9.132     2.9016     2.556799889    -0.459199905    -2.097599983    -0.150099993    -0.950600028    -1.410400033   20   38.43  202.13   36.49   54.62   103.23    80.39  298.99   77.81  207.72    9.15   77.91    7.82   -19.99
    5    7     5.00   -50.00    37.27980   136.74014     9.132     3.2751     2.911600113    -0.537700176    -2.373899937    -0.133800000    -0.977100015    -1.628299952   20   38.60  202.63   37.43   53.65   102.80    80.37  299.49   75.53  208.37    8.19   78.70    7.74   -20.96
    5    8     5.00   -45.00    37.30564   136.78647     9.132     3.5879     3.210500002    -0.595700026    -2.614799976    -0.079300001    -0.971499979    -1.816799998   20   39.02  202.51   38.47   52.69   103.06    79.82  299.75   70.88  208.73    7.18   79.15    8.08   -21.76
    5    9     5.00   -40.00    37.33149   136.83279     9.132     3.8501     3.463599920    -0.629599810    -2.834000111     0.035700001    -0.897000015    -1.992499948   20   39.71  201.87   40.01   51.37   103.85    78.64  299.92   62.52  209.02    5.75   79.42    8.85   -22.99
    5   10     5.00   -35.00    37.35733   136.87912     9.132     4.0450     3.643199921    -0.645999908    -2.997200012     0.170200005    -0.824199975    -2.123500109   20   40.68  200.82   41.41   50.33   105.15    77.02  299.99   54.13  209.20    4.53   79.04    9.96   -23.56
    5   11     5.00   -30.00    37.38317   136.92545     9.132     4.1572     3.741100073    -0.637200117    -3.103899956     0.290199995    -0.721599996    -2.209199905   20   41.23  199.98   42.70   49.31   105.95    75.77  300.01   47.15  209.37    3.36   78.73   10.74   -24.51
    5   12     5.00   -25.00    37.40902   136.97179     9.132     4.1546     3.726799965    -0.590699911    -3.136100054     0.372799993    -0.545700014    -2.250499964   20   41.00  199.76   44.04   47.97   105.61    75.41  300.02   40.41  209.64    2.00   79.03   10.78   -27.29
    5   13     5.00   -20.00    37.43486   137.01811     9.132     4.0588     3.620599985    -0.541199923    -3.079400063     0.421499997    -0.396400005    -2.240799904   20   40.88  199.72   45.08   46.92   105.29    75.19  300.13   35.06  209.96    0.94   79.20   10.76   -29.98
    5   14     5.00   -15.00    37.46070   137.06444     9.132     3.8875     3.447799921    -0.490499973    -2.957299948     0.424899995    -0.269899994    -2.187500000   20   40.49  200.11   45.79   46.06   104.53    75.54  300.28   31.05  210.25    0.14   79.64   10.36   -32.84
    5   15     5.00   -10.00    37.48655   137.11076     9.132     3.7027     3.270400047    -0.462000132    -2.808399916     0.443199992    -0.140400007    -2.113199949   20   40.27  200.57   46.67   45.06   103.81    75.80  120.56   25.93  210.70    0.82   79.97   10.00   -34.63
    5   16     5.00    -5.00    37.51239   137.15709     9.132     3.4110     2.976999998    -0.438699961    -2.538300037     0.462700009    -0.030999999    -2.010999918   20   41.16  200.98   47.70   44.11   103.89    75.22  121.38   21.39  211.71    1.82   79.61   10.23   -37.50
    5   17     5.00     0.00    37.53823   137.20343     9.132     3.1198     2.678800106    -0.402100086    -2.276700020     0.487500012     0.054400001    -1.898200035   20   42.38  200.83   48.82   43.24   104.57    73.95  122.12   17.72  212.67    2.84   78.71   10.92   -40.52
    5   18     5.00     5.00    37.56408   137.24976     9.132     2.8500     2.410200119    -0.347200155    -2.062999964     0.471500009     0.159400001    -1.778300047   20   41.96  201.56   49.80   42.03   103.50    74.56  122.44   11.68  213.15    3.95   78.98   10.27   -44.44
    5   19     5.00    10.00    37.58992   137.29608     9.132     2.5495     2.115999937    -0.244899988    -1.871099949     0.392899990     0.316900015    -1.623100042   20   38.03  204.60   50.76   40.02    98.59    79.64  121.94  353.07  212.58    5.41   81.42    6.64   -50.56
    5   20     5.00    15.00    37.61576   137.34241     9.132     2.3366     1.877799988    -0.159199953    -1.718600035     0.366600007     0.464100003    -1.513200045   20   34.54  207.63   52.37   37.83    94.23    84.53  121.52  326.48  211.95    7.28   81.97    3.35   -55.90
    5   21     5.00    20.00    37.64161   137.38873     9.132     2.2323     1.726899981    -0.098099947    -1.628800035     0.388799995     0.611599982    -1.441699982   20   31.88  209.93   54.48   35.54    91.13    88.41  121.07  306.74  211.22    9.47   80.48    0.92   -58.74
    5   22     5.00    25.00    37.66745   137.43506     9.132     2.1891     1.667999983    -0.081799984    -1.586199999     0.409599990     0.675300002    -1.390900016   20   31.09  210.42   55.58   34.43    90.38    89.45  120.82  302.54  210.88   10.57   79.42    0.31   -58.32
    5   23     5.00    30.00    37.69329   137.48140     9.132     2.1329     1.618999958    -0.056899905    -1.562100053     0.409399986     0.692399979    -1.323300004   20   30.46  209.83   56.08   33.92    90.35    89.47  120.21  301.76  210.26   11.08   78.92    0.29   -57.27
    5   24     5.00    35.00    37.71914   137.52773     9.132     2.0785     1.599499941    -0.043499947    -1.555999994     0.392899990     0.681999981    -1.234899998   20   29.70  208.69   56.13   33.88    90.56    89.17  119.29  301.75  209.38   11.13   78.86    0.46   -53.96
    5   25     5.00    40.00    37.74498   137.57405     9.132     1.9631     1.535799980    -0.019099951    -1.516700029     0.354499996     0.636300027    -1.113899946   20   28.69  207.23   55.89   34.12    90.82    88.79  118.10  301.75  208.23   10.89   79.09    0.68   -51.03
    5   26     5.00    45.00    37.77082   137.62038     9.132     1.8401     1.465600014    -0.010699987    -1.454900026     0.305500001     0.602599978    -0.989300013   20   26.91  206.97   55.77   34.23    89.96    90.06  116.93  296.77   26.93   10.77   79.23    0.03   -47.17
    5   27     5.00    50.00    37.79667   137.66670     9.132     1.6515     1.336400032    -0.012500048    -1.323899984     0.234599993     0.558600008    -0.842700005   20   24.33  208.17   55.77   34.29    87.84    93.17  115.89  286.22   25.55   10.75   79.10    1.79   -43.06
    5   28     5.00    55.00    37.82251   137.71304     9.132     1.3893     1.154299974    -0.031800032    -1.122499943     0.141200006     0.470200002    -0.672699988   20   21.35  210.39   55.39   34.94    84.84    97.43  115.06  272.08   24.29   10.25   78.88    4.25   -37.01
    5   29     5.00    60.00    37.84835   137.75937     9.132     1.0099     0.853100002    -0.033299983    -0.819800019     0.069799997     0.345600009    -0.467000008   20   19.00  211.84   55.27   35.41    82.60   100.52  114.30  262.38   23.23    9.99   78.27    6.07   -31.93
    5   30     5.00    65.00    37.87420   137.80569     9.132     0.5736     0.505599976    -0.042799979    -0.462799996     0.020600000     0.175600007    -0.256599993   20   18.65  212.71   53.93   36.90    81.61   101.32  114.64  255.80   23.62    8.58   79.04    6.77   -23.64
    6    1    10.00   -80.00    37.15497   136.43559     6.264     0.6763     0.600000024    -0.121900022    -0.478100002    -0.077900000    -0.259099990    -0.288599998   20   34.69  203.94   33.70   56.77    98.98    84.06  298.23   94.39  207.21   11.59   77.37    4.97    -9.83
    6    2    10.00   -75.00    37.18082   136.48192     6.264     1.2939     1.139500022    -0.221200049    -0.918299973    -0.116200000    -0.505599976    -0.560199976   20   36.31  202.25   34.01   56.79   101.73    82.19  297.88   87.44  206.55   11.47   76.76    6.53   -11.05
    6    3    10.00   -70.00    37.20666   136.52824     6.264     1.9859     1.759099960    -0.352999926    -1.406100035    -0.155399993    -0.750100017    -0.876699984   20   37.19  202.27   34.62   56.30   102.37    81.59  298.32   84.94  206.96   10.93   76.98    6.99   -11.20
    6    4    10.00   -65.00    37.23250   136.57458     6.264     2.5849     2.292200089    -0.469500065    -1.822700024    -0.188500002    -0.942099988    -1.175699949   20   37.95  202.63   35.12   55.85   102.63    81.26  298.91   83.51  207.57   10.46   77.24    7.23   -12.82
    6    5    10.00   -60.00    37.25835   136.62091     6.264     3.1074     2.762000084    -0.572600126    -2.189399958    -0.220100001    -1.088700056    -1.444499969   20   38.19  203.10   35.54   55.41   102.38    81.30  299.34   83.09  208.07   10.02   77.65    7.16   -14.21
    6    6    10.00   -55.00    37.28419   136.66724     6.264     3.6314     3.253400087    -0.696900129    -2.556499958    -0.235599995    -1.200999975    -1.715199947   20   38.40  203.63   36.16   54.76   102.02    81.35  299.82   82.20  208.65    9.37   78.23    7.06   -14.50
    6    7    10.00   -50.00    37.31003   136.71356     6.264     4.0949     3.698400021    -0.811000109    -2.887399912    -0.233899996    -1.266000032    -1.961799979   20   38.49  204.07   36.84   54.04   101.63    81.41  300.20   80.92  209.14    8.67   78.86    6.95   -14.82
    6    8    10.00   -45.00    37.33588   136.75989     6.264     4.4521     4.046400070    -0.883700132    -3.162699938    -0.181799993    -1.249799967    -2.180299997   20   38.72  204.12   37.85   53.06   101.62    81.11  300.46   77.17  209.50    7.67   79.52    7.10   -16.19
    6    9    10.00   -40.00    37.36172   136.80623     6.264     4.7458     4.334499836    -0.927399874    -3.407099962    -0.083400004    -1.200199962    -2.363100052   20   39.09  203.64   38.96   52.06   102.12    80.36  300.49   71.11  209.61    6.61   79.91    7.59   -17.26
    6   10    10.00   -35.00    37.38756   136.85255     6.264     4.9554     4.535200119    -0.947100163    -3.588099957     0.050099999    -1.106400013    -2.517100096   20   39.74  202.97   40.23   51.00   102.96    79.26  300.58   63.39  209.78    5.44   80.03    8.33   -18.65
    6   11    10.00   -30.00    37.41341   136.89888     6.264     5.0651     4.639500141    -0.938800097    -3.700700045     0.177599996    -0.971099973    -2.616499901   20   40.10  202.42   41.46   49.91   103.44    78.40  300.62   56.13  209.95    4.27   80.16    8.85   -20.14
    6   12    10.00   -25.00    37.43925   136.94521     6.264     5.0577     4.623000145    -0.884100199    -3.738899946     0.270500004    -0.781599998    -2.667099953   20   39.89  202.24   42.66   48.72   103.17    78.15  300.60   49.48  210.12    3.07   80.60    8.88   -22.91
    6   13    10.00   -20.00    37.46509   136.99153     6.264     4.9484     4.511400223    -0.828500271    -3.682899952     0.323300004    -0.599799991    -2.657000065   20   39.52  202.43   43.62   47.67   102.55    78.30  300.68   43.96  210.37    2.05   81.13    8.62   -25.42
    6   14    10.00   -15.00    37.49094   137.03786     6.264     4.7734     4.339499950    -0.784299850    -3.555200100     0.355199993    -0.497299999    -2.592200041   20   39.62  202.41   44.19   47.12   102.52    78.10  300.80   40.42  210.57    1.49   81.18    8.69   -26.74
    6   15    10.00   -10.00    37.51678   137.08420     6.264     4.5532     4.122300148    -0.743500233    -3.378799915     0.382800013    -0.360000014    -2.519299984   20   39.69  202.78   44.94   46.32   102.14    78.14  301.13   35.78  211.03    0.70   81.42    8.55   -28.73
    6   16    10.00    -5.00    37.54262   137.13052     6.264     4.3096     3.881599903    -0.717700005    -3.163899899     0.420500010    -0.208499998    -2.437799931   20   39.97  203.35   45.90   45.32   101.74    78.14  121.70   29.73  211.75    0.29   81.59    8.40   -30.74
    6   17    10.00     0.00    37.56847   137.17685     6.264     4.0317     3.602499962    -0.679399967    -2.923099995     0.451299995    -0.084500000    -2.333499908   20   40.43  203.75   46.82   44.41   101.59    77.92  122.26   24.12  212.44    1.21   81.49    8.42   -32.98
    6   18    10.00     5.00    37.59431   137.22318     6.264     3.7068     3.283999920    -0.616999865    -2.667000055     0.427300006     0.030600000    -2.196300030   20   39.97  204.78   47.48   43.53   100.40    78.86  122.63   18.11  212.90    1.99   82.09    7.65   -36.10
    6   19    10.00    10.00    37.62015   137.26950     6.264     3.3513     2.948800087    -0.529299974    -2.419500113     0.323100001     0.153099999    -2.026099920   20   37.28  207.50   47.80   42.62    96.61    82.77  122.61    4.69  212.83    2.60   84.46    4.89   -40.01
    6   20    10.00    15.00    37.64600   137.31584     6.264     3.1470     2.748100042    -0.464300156    -2.283799887     0.272300005     0.301600009    -1.912999988   20   34.17  210.27   48.69   41.38    92.58    87.07  122.34  330.32  212.47    3.66   85.86    1.94   -42.18
    6   21    10.00    20.00    37.67184   137.36217     6.264     3.0257     2.601799965    -0.406199932    -2.195600033     0.310799986     0.445800006    -1.844599962   20   32.83  211.21   50.17   39.84    91.04    88.76  122.10  310.90  212.17    5.17   84.77    0.80   -44.05
    6   22    10.00    25.00    37.69768   137.40849     6.264     2.9439     2.509200096    -0.369300127    -2.139899969     0.326099992     0.538600028    -1.779700041   20   31.59  211.99   51.17   38.83    89.75    90.31  121.77  299.94   31.75    6.17   83.82    0.20   -44.29
    6   23    10.00    30.00    37.72353   137.45482     6.264     2.8972     2.472599983    -0.340699911    -2.131900072     0.309399992     0.590300024    -1.709400058   20   29.98  212.52   51.65   38.38    88.43    91.99  121.11  290.47   30.96    6.64   83.25    1.23   -42.71
    6   24    10.00    35.00    37.74937   137.50114     6.264     2.8129     2.414900064    -0.310700178    -2.104199886     0.293500006     0.599300027    -1.609500051   20   28.97  212.10   51.86   38.18    88.06    92.46  120.35  287.68   30.16    6.84   82.99    1.52   -40.49
    6   25    10.00    40.00    37.77521   137.54749     6.264     2.7161     2.367000103    -0.296700001    -2.070300102     0.262100011     0.578700006    -1.485999942   20   27.93  211.44   51.76   38.29    87.82    92.76  119.48  285.12   29.27    6.74   83.05    1.71   -36.49
    6   26    10.00    45.00    37.80106   137.59381     6.264     2.5526     2.265399933    -0.277599931    -1.987800002     0.201700002     0.529500008    -1.327399969   20   26.38  211.05   51.40   38.69    87.09    93.64  118.45  278.59   28.20    6.36   83.24    2.28   -31.95
    6   27    10.00    50.00    37.82690   137.64014     6.264     2.2994     2.070800066    -0.256000042    -1.814800024     0.134599999     0.483300000    -1.139299989   20   24.52  211.37   51.26   38.94    85.71    95.33  117.58  268.87   27.22    6.17   82.97    3.35   -27.44
    6   28    10.00    55.00    37.85274   137.68646     6.264     1.9224     1.756600022    -0.228200078    -1.528399944     0.070900001     0.405499995    -0.910799980   20   22.91  211.86   51.08   39.27    84.35    96.95  116.92  260.09   26.46    5.92   82.62    4.40   -22.70
    6   29    10.00    60.00    37.87859   137.73279     6.264     1.3969     1.296499968    -0.182500005    -1.113999963     0.012400000     0.290800005    -0.633099973   20   21.24  212.68   50.77   39.80    82.70    98.84  116.41  250.46   25.87    5.51   82.10    5.65   -17.24
    6   30    10.00    65.00    37.90443   137.77911     6.264     0.7479     0.701300025    -0.107300043    -0.593999982    -0.008900000     0.156100005    -0.329800010   20   20.21  213.59   50.62   40.15    81.41   100.31  116.29  244.50   25.68    5.27   81.52    6.63   -12.97
    7    1    15.00   -80.00    37.18521   136.40903     3.396     0.8650     0.783599973    -0.190899968    -0.592700005    -0.115300000    -0.324400008    -0.359100014   20   34.85  206.02   33.62   56.70    97.36    85.13  299.54   99.64  208.70   11.57   77.72    4.07    -3.46
    7    2    15.00   -75.00    37.21105   136.45535     3.396     1.6535     1.489199996    -0.345999956    -1.143200040    -0.179000005    -0.619899988    -0.705299973   20   36.13  204.60   34.10   56.44    99.58    83.57  299.24   93.07  208.17   11.22   77.54    5.36    -6.04
    7    3    15.00   -70.00    37.23689   136.50168     3.396     2.3387     2.097199917    -0.472699881    -1.624500036    -0.217700005    -0.874300003    -1.016700029   20   36.99  203.77   34.44   56.27   100.96    82.57  299.12   89.06  207.91   10.98   77.36    6.18    -7.76
    7    4    15.00   -65.00    37.26274   136.54800     3.396     2.9975     2.694400072    -0.609500170    -2.084899902    -0.248500004    -1.074599981    -1.339800000   20   37.66  203.85   35.07   55.72   101.37    82.12  299.51   86.78  208.31   10.40   77.70    6.51    -9.40
    7    5    15.00   -60.00    37.28858   136.59433     3.396     3.5492     3.194700003    -0.724600077    -2.470099926    -0.271600008    -1.222000003    -1.626099944   20   38.09  204.07   35.58   55.24   101.48    81.90  299.88   85.34  208.71    9.90   78.04    6.65   -11.08
    7    6    15.00   -55.00    37.31442   136.64067     3.396     4.0708     3.679399967    -0.848799944    -2.830600023    -0.303099990    -1.342700005    -1.894199967   20   38.19  204.58   35.99   54.78   101.08    82.05  300.27   85.23  209.18    9.46   78.49    6.49   -11.84
    7    7    15.00   -50.00    37.34027   136.68700     3.396     4.5470     4.139500141    -0.965700150    -3.173799992    -0.301899999    -1.389500022    -2.156599998   20   38.21  205.05   36.74   53.99   100.61    82.17  300.64   84.03  209.67    8.68   79.23    6.32   -12.82
    7    8    15.00   -45.00    37.36611   136.73332     3.396     4.9350     4.518599987    -1.049599886    -3.469000101    -0.242500007    -1.386700034    -2.385499954   20   38.53  204.94   37.67   53.11   100.83    81.74  300.82   80.04  209.92    7.78   79.78    6.60   -13.90
    7    9    15.00   -40.00    37.39195   136.77965     3.396     5.2507     4.829100132    -1.099100113    -3.730000019    -0.143399999    -1.330100060    -2.586499929   20   38.84  204.56   38.75   52.12   101.23    81.12  300.87   74.36  210.04    6.74   80.26    7.00   -15.27
    7   10    15.00   -35.00    37.41780   136.82597     3.396     5.4688     5.041200161    -1.114200115    -3.927000046    -0.024100000    -1.219499946    -2.749599934   20   39.11  204.14   39.91   51.06   101.59    80.46  300.90   67.77  210.17    5.62   80.68    7.41   -17.08
    7   11    15.00   -30.00    37.44364   136.87230     3.396     5.5965     5.166999817    -1.112400055    -4.054599762     0.104099996    -1.087299943    -2.856300116   20   39.40  203.65   41.03   50.06   102.01    79.74  300.91   60.78  210.28    4.56   80.91    7.85   -18.38
    7   12    15.00   -25.00    37.46948   136.91864     3.396     5.5937     5.155799866    -1.067499638    -4.088300228     0.208100006    -0.944299996    -2.898499966   20   39.55  203.20   41.98   49.19   102.30    79.15  300.87   54.65  210.34    3.65   81.02    8.19   -20.18
    7   13    15.00   -20.00    37.49533   136.96497     3.396     5.4761     5.035299778    -1.001099586    -4.034200191     0.282499999    -0.726100028    -2.898000002   20   39.23  203.36   43.06   48.05   101.74    79.24  300.95   48.34  210.60    2.52   81.62    7.98   -22.95
    7   14    15.00   -15.00    37.52117   137.01129     3.396     5.2826     4.852000237    -0.964400291    -3.887599945     0.306199998    -0.601300001    -2.829099894   20   39.17  203.68   43.60   47.46   101.35    79.39  301.16   45.09  210.90    1.95   81.96    7.80   -24.18
    7   15    15.00   -10.00    37.54701   137.05762     3.396     5.0760     4.651899815    -0.937099934    -3.714799881     0.343800008    -0.490300000    -2.756799936   20   39.50  203.88   44.20   46.88   101.33    79.18  301.51   41.22  211.32    1.36   82.01    7.87   -25.28
    7   16    15.00    -5.00    37.57286   137.10394     3.396     4.8332     4.419099808    -0.913899899    -3.505199909     0.359400004    -0.364300013    -2.670700073   20   39.63  204.55   44.80   46.20   100.83    79.43  302.00   37.28  211.91    0.71   82.36    7.61   -26.73
    7   17    15.00     0.00    37.59870   137.15028     3.396     4.5481     4.142799854    -0.878999949    -3.263799906     0.356799990    -0.229499996    -2.566099882   20   39.52  205.55   45.42   45.44    99.90    80.10  302.54   32.62  212.54    0.01   82.96    7.04   -28.80
    7   18    15.00     5.00    37.62454   137.19661     3.396     4.2149     3.817199945    -0.812199831    -3.005000114     0.327699989    -0.088000000    -2.431900024   20   38.77  206.91   46.02   44.60    98.30    81.50  122.91   26.13  212.98    0.71   84.00    5.96   -31.69
    7   19    15.00    10.00    37.65039   137.24294     3.396     3.8943     3.506099939    -0.730700016    -2.775399923     0.280200005     0.042300001    -2.286000013   20   37.26  208.55   46.55   43.78    96.02    83.68  123.01   15.42  213.12    1.39   85.42    4.37   -34.49
    7   20    15.00    15.00    37.67623   137.28926     3.396     3.6760     3.299000025    -0.669300079    -2.629699945     0.244499996     0.168099999    -2.166599989   20   35.32  210.26   47.19   42.92    93.44    86.29  122.88  352.68  212.97    2.14   86.69    2.53   -35.84
    7   21    15.00    20.00    37.70207   137.33559     3.396     3.5032     3.105000019    -0.594500065    -2.510499954     0.284399986     0.326900005    -2.085099936   20   34.13  211.11   48.53   41.51    92.00    87.73  122.71  325.89  212.80    3.52   86.18    1.50   -38.23
    7   22    15.00    25.00    37.72792   137.38191     3.396     3.4029     3.002099991    -0.548700094    -2.453399897     0.282900006     0.440299988    -2.007299900   20   32.40  212.21   49.42   40.58    90.12    89.86  122.31  303.51  212.32    4.42   85.58    0.09   -38.30
    7   23    15.00    30.00    37.75376   137.42825     3.396     3.3313     2.938800097    -0.501900196    -2.436899900     0.244900003     0.526000023    -1.922299981   20   30.03  213.39   50.01   40.04    87.84    92.57  121.56  283.11   31.42    4.98   84.75    1.65   -37.08
    7   24    15.00    35.00    37.77960   137.47458     3.396     3.2538     2.877599955    -0.461899996    -2.415699959     0.235400006     0.568000019    -1.828400016   20   28.79  213.29   50.43   39.66    87.13    93.46  120.83  278.41   30.62    5.39   84.17    2.21   -35.34
    7   25    15.00    40.00    37.80545   137.52090     3.396     3.1397     2.819799900    -0.448899984    -2.370899916     0.194299996     0.541899979    -1.687700033   20   27.71  212.82   50.25   39.86    86.73    93.93  120.03  274.07   29.80    5.20   84.22    2.52   -31.01
    7   26    15.00    45.00    37.83129   137.56723     3.396     2.9538     2.690099955    -0.416300058    -2.273799896     0.158999994     0.497200012    -1.516700029   20   26.75  211.93   50.05   40.07    86.66    93.97  119.11  271.85   28.89    4.99   84.39    2.56   -27.07
    7   27    15.00    50.00    37.85713   137.61356     3.396     2.6542     2.452500105    -0.382100105    -2.070400000     0.094800003     0.445899993    -1.299100041   20   25.17  211.99   49.84   40.36    85.59    95.20  118.30  262.81   28.02    4.75   84.17    3.37   -22.43
    7   28    15.00    55.00    37.88298   137.65990     3.396     2.2038     2.070899963    -0.337099910    -1.733800054     0.027400000     0.356700003    -1.026299953   20   23.67  212.24   49.45   40.87    84.40    96.50  117.64  252.81   27.32    4.30   83.95    4.25   -16.97
    7   29    15.00    60.00    37.90882   137.70622     3.396     1.6167     1.547500014    -0.270200014    -1.277300000    -0.025699999     0.238199994    -0.716099977   20   22.36  212.63   48.78   41.67    83.19    97.71  117.17  241.93   26.85    3.57   83.76    5.12   -10.81
    7   30    15.00    65.00    37.93466   137.75255     3.396     0.8565     0.824500024    -0.147800028    -0.676699996    -0.016600000     0.127800003    -0.371899992   20   22.07  212.59   48.81   41.68    83.03    97.90  117.01  241.19   26.68    3.58   83.65    5.24    -8.54
