    1    1   -15.00   -80.00    37.00381   136.56845    20.604     0.0598    -0.013200000     0.050000001    -0.036800001     0.026799999    -0.018700000    -0.028800000   20   59.62  149.68   60.32   89.89   179.87    29.68  280.64   18.67  149.88   20.41   20.58   60.32    59.88
    1    2   -15.00   -75.00    37.02965   136.61479    20.604     0.1443     0.051700000     0.062000003    -0.113700002     0.040600002    -0.043200001    -0.088600002   20   63.04  163.07   61.35   72.31   159.75    30.21  291.09   25.86  190.63    7.13   33.63   55.42   -24.34
    1    3   -15.00   -70.00    37.05549   136.66112    20.604     0.1638     0.009700000     0.110799998    -0.120499998     0.050700001    -0.019200001    -0.102499999   20   64.19  157.36   76.78   76.76   166.40    13.59  110.78   20.77  200.81    0.01   18.88   71.12    10.51
    1    4   -15.00   -65.00    37.08134   136.70744    20.604     0.1891    -0.008900000     0.142499998    -0.133599997     0.045000002     0.007500000    -0.121200003   20   65.45  155.99   87.71   76.73   166.72     2.36  111.47   19.96  235.83    7.70   10.98   76.53    13.76
    1    5   -15.00   -60.00    37.10718   136.75377    20.604     0.2476     0.050299998     0.139499992    -0.189799994     0.059099998     0.001700000    -0.172600001   20   66.87  159.18   81.51   74.90   164.73     8.80  113.69   22.31  218.47    4.58   16.77   72.58   -27.18
    1    6   -15.00   -55.00    37.13302   136.80009    20.604     0.2834     0.071699999     0.143700004    -0.215399995     0.065399997     0.003700000    -0.205599993   20   67.93  160.51   80.93   74.26   164.05     9.42  114.92   23.45  219.06    4.62   17.66   71.71   -35.78
    1    7   -15.00   -50.00    37.15887   136.84644    20.604     0.3282     0.090800002     0.156800002    -0.247600004     0.087499999     0.019099999    -0.237599999   20   67.84  160.96   81.04   70.99   160.75     9.48  115.59   23.08  223.80    6.90   19.90   68.84   -39.28
    1    8   -15.00   -45.00    37.18471   136.89276    20.604     0.3877     0.106200002     0.173199981    -0.279399991     0.131400004     0.044500001    -0.276199996   20   67.63  161.64   81.18   65.75   155.44     9.68  116.78   22.16  229.09   10.49   23.51   64.00   -37.67
    1    9   -15.00   -40.00    37.21055   136.93909    20.604     0.4351     0.132499993     0.169600010    -0.302100003     0.167500004     0.048400000    -0.309700012   20   67.48  163.46   78.90   62.04   151.46    12.59  118.18   22.14  227.98   11.26   27.88   59.55   -36.63
    1   10   -15.00   -35.00    37.23640   136.98541    20.604     0.4875     0.172099993     0.156200007    -0.328299999     0.211700007     0.099500000    -0.337599993   20   66.12  164.59   78.00   55.28   144.39    14.66  119.63   19.60  229.93   14.82   33.35   52.67   -45.85
    1   11   -15.00   -30.00    37.26224   137.03174    20.604     0.5180     0.211999997     0.144700006    -0.356700003     0.225999996     0.131600007    -0.350300014   20   63.64  165.54   75.66   51.11   139.60    18.56  119.65   16.93  227.41   15.59   38.25   47.55   -53.72
    1   12   -15.00   -25.00    37.28808   137.07808    20.604     0.5720     0.244700000     0.138800010    -0.383500010     0.262899995     0.161300004    -0.378199995   20   62.18  166.96   74.42   47.52   135.49    21.35  120.41   14.79  226.90   16.72   41.87   43.39   -54.18
    1   13   -15.00   -20.00    37.31393   137.12440    20.604     0.5722     0.220100001     0.152199998    -0.372299999     0.271699995     0.170599997    -0.376899987   20   63.34  165.59   76.66   48.17   136.73    18.04  120.57   15.12  229.56   17.96   39.40   45.11   -52.77
    1   14   -15.00   -15.00    37.33977   137.17073    20.604     0.5228     0.189400002     0.159499988    -0.348899990     0.228499994     0.189400002    -0.349599987   20   63.69  162.97   79.19   49.80   138.92    14.21  119.40   14.95  231.55   18.90   36.09   47.76   -62.89
    1   15   -15.00   -10.00    37.36561   137.21706    20.604     0.4662     0.131400004     0.162599996    -0.294000000     0.209999993     0.214200005    -0.298299998   20   63.97  159.58   83.60   48.96   138.65     8.50  118.86   13.18  236.75   22.67   32.90   48.25   -67.27
    1   16   -15.00    -5.00    37.39146   137.26338    20.604     0.3798     0.044799998     0.160099998    -0.204899997     0.177599996     0.202999994    -0.230900005   20  247.36  155.79   88.05   51.23  -141.20    -2.51  118.81   14.73  249.79   27.83   24.75   51.16   -65.51
    1   17   -15.00     0.00    37.41730   137.30971    20.604     0.2863    -0.037099998     0.146100000    -0.108999997     0.133300006     0.173099995    -0.158099994   20  152.22  252.13   53.04   77.11   -16.21  -141.91  118.90   17.42  268.02   35.66   15.51   50.11   -61.31
    1   18   -15.00     5.00    37.44314   137.35605    20.604     0.1990    -0.102700002     0.124300003    -0.021600001     0.081900001     0.129199997    -0.081799999   20  144.85  258.35   51.02   63.77   -34.65  -135.47  117.82   18.92  282.54   49.23    7.60   39.75   -60.04
    1   19   -15.00    10.00    37.46899   137.40237    20.604     0.1221    -0.103100002     0.081200004     0.021900000     0.036200002     0.082300000    -0.027000001   20  134.92  263.60   49.44   53.86   -50.92  -126.38  112.89   18.42  287.08   61.26    2.45   28.62   -79.50
    1   20   -15.00    15.00    37.49483   137.44870    20.604     0.1316    -0.140200004     0.077100001     0.063100003     0.023100000     0.076700002     0.003500000   20   43.58  209.42   27.52   63.20   -77.39   -96.49  105.15  304.24  212.35   71.07   17.96    5.79   -86.02
    1   21   -15.00    20.00    37.52067   137.49503    20.604     0.2419    -0.255400002     0.143600002     0.111800000     0.049800001     0.135600001     0.012300000   20   54.06  216.35   28.68   62.47   -74.35   -98.39  107.58  312.55  220.25   71.29   17.07    7.44   -81.94
    1   22   -15.00    25.00    37.54652   137.54135    20.604     0.3589    -0.352200001     0.208100006     0.144099995     0.103900000     0.214300007     0.015600000   20   61.00  220.43   26.45   65.02   -71.43   -99.01  112.70  317.18  224.26   68.69   19.54    8.16   -77.36
    1   23   -15.00    30.00    37.57236   137.58769    20.604     0.4208    -0.397000015     0.244700015     0.152300000     0.116599999     0.266299993     0.023200000   20   64.57  219.72   26.24   65.90   -67.44  -100.71  109.76  317.77  224.14   67.36   20.21    9.77   -75.00
    1   24   -15.00    35.00    37.59820   137.63402    20.604     0.4548    -0.424499989     0.268799990     0.155699998     0.106500000     0.289799988     0.043600000   20   67.22  218.96   27.74   65.15   -64.56  -102.73  105.06  318.46  224.38   67.38   19.19   11.54   -70.83
    1   25   -15.00    40.00    37.62405   137.68034    20.604     0.4575    -0.416700006     0.269900024     0.146799996     0.093500003     0.299199998     0.056600001   20   68.63  217.44   28.33   65.24   -61.94  -104.23  101.37  318.04  223.50   66.71   19.05   12.90   -67.77
    1   26   -15.00    45.00    37.64989   137.72667    20.604     0.4456    -0.416999996     0.263300002     0.153699994     0.070600003     0.268200010     0.083999999   20   67.54  217.17   30.84   62.75   -63.29  -105.02   97.04  318.18  224.17   68.58   16.46   13.32   -60.36
    1   27   -15.00    50.00    37.67573   137.77299    20.604     0.4339    -0.393700004     0.244599998     0.149100006     0.050700001     0.278299987     0.087600000   20   65.60  212.68   30.37   63.81   -60.81  -105.94   92.53  314.42  219.87   67.25   17.34   14.27   -60.50
    1   28   -15.00    55.00    37.70158   137.81932    20.604     0.3560    -0.315400004     0.200200006     0.115199998     0.031199999     0.237800002     0.073600002   20   67.03  211.08   30.60   64.42   -58.03  -107.39   89.69  313.89  218.78   66.06   17.65   15.64   -61.71
    1   29   -15.00    60.00    37.72742   137.86566    20.604     0.2542    -0.215399995     0.135800004     0.079599999     0.018600000     0.173899993     0.060899999   20   66.84  208.69   30.38   65.25   -55.87  -108.21   87.21  312.14  216.53   64.96   18.30   16.49   -56.63
    1   30   -15.00    65.00    37.75326   137.91199    20.604     0.1731    -0.139599994     0.082099989     0.057500001     0.018800000     0.122599997     0.041600000   20   61.68  205.74   27.44   67.20   -57.24  -105.69   89.51  307.54  211.95   64.36   20.71   14.44   -50.87
    2    1   -10.00   -80.00    37.03404   136.54189    17.736     0.1030    -0.011400000     0.081000000    -0.069600001     0.037500001    -0.040199999    -0.045400001   20   59.43  329.22   58.47   89.65  -179.59   -31.54  279.75   18.87  148.65   21.97   21.44   58.46    32.51
    2    2   -10.00   -75.00    37.05988   136.58821    17.736     0.2193     0.035399999     0.133199990    -0.168599993     0.070600003    -0.066000000    -0.122699998   20   61.85  157.22   64.84   78.73   167.53    25.69  287.44   22.05  179.33    9.35   26.03   62.10     1.43
    2    3   -10.00   -70.00    37.08573   136.63454    17.736     0.3131     0.073700003     0.178799987    -0.252499998     0.080700003    -0.060199998    -0.195299998   20   63.78  158.65   70.56   76.47   165.64    20.02  290.42   22.17  191.36    4.01   23.62   66.00   -20.13
    2    4   -10.00   -65.00    37.11157   136.68088    17.736     0.4309     0.172000006     0.191699997    -0.363700002     0.086599998    -0.058899999    -0.293399990   20   65.09  161.84   69.72   72.34   161.13    21.33  293.06   23.97  199.69    1.75   27.36   62.58   -48.68
    2    5   -10.00   -60.00    37.13741   136.72720    17.736     0.5597     0.288599998     0.187999994    -0.476599991     0.095299996    -0.058400001    -0.402599990   20   64.99  165.72   66.08   67.22   154.94    26.09  295.15   25.65  204.06    0.74   34.09   55.90   -64.09
    2    6   -10.00   -55.00    37.16326   136.77353    17.736     0.6733     0.404500008     0.172800004    -0.577300012     0.093300000    -0.059400000    -0.495999992   20   62.74  170.42   60.70   61.58   146.92    33.82  296.40   26.91  205.82    0.55   43.05   46.94   -73.25
    2    7   -10.00   -50.00    37.18910   136.81985    17.736     0.7677     0.465099990     0.185100019    -0.650200009     0.121500000    -0.030300001    -0.573000014   20   62.54  170.82   61.67   59.81   145.16    33.29  117.06   25.95  208.26    1.15   43.72   46.26   -74.07
    2    8   -10.00   -45.00    37.21494   136.86618    17.736     0.8904     0.538500011     0.195100009    -0.733600020     0.184799999    -0.007700000    -0.654399991   20   61.61  171.73   61.85   57.27   142.17    34.11  117.61   24.74  210.33    2.80   45.72   44.14   -68.84
    2    9   -10.00   -40.00    37.24079   136.91251    17.736     1.0282     0.642600000     0.171800017    -0.814400017     0.262400001     0.012500000    -0.737299979   20   59.77  174.57   60.52   53.43   136.81    37.79  118.65   23.57  212.11    4.20   50.29   39.39   -62.39
    2   10   -10.00   -35.00    37.26663   136.95885    17.736     1.1569     0.740599990     0.144600034    -0.885200024     0.348600000     0.074699998    -0.807099998   20   57.89  176.76   60.58   49.43   131.69    40.29  119.63   20.72  214.25    6.46   53.83   35.41   -58.25
    2   11   -10.00   -30.00    37.29247   137.00517    17.736     1.2343     0.811800003     0.120700002    -0.932500005     0.394899994     0.124700002    -0.839100003   20   55.82  178.73   60.17   46.54   127.54    43.26  120.04   17.99  214.90    7.74   56.94   31.91   -56.52
    2   12   -10.00   -25.00    37.31832   137.05150    17.736     1.2932     0.834299982     0.128700018    -0.963000000     0.453700006     0.187900007    -0.859600008   20   55.26  178.28   61.57   44.81   126.22    42.49  120.19   15.28  216.04    9.50   56.96   31.31   -55.06
    2   13   -10.00   -20.00    37.34416   137.09782    17.736     1.2396     0.762399971     0.154900014    -0.917299986     0.451499999     0.227300003    -0.830299973   20   56.00  176.30   63.52   44.63   127.34    39.39  120.11   14.29  217.22   10.83   54.93   32.89   -57.82
    2   14   -10.00   -15.00    37.37000   137.14415    17.736     1.0936     0.630400002     0.187200010    -0.817600012     0.391400009     0.274100006    -0.746599972   20   56.31  173.41   65.95   44.41   128.54    35.61  119.49   12.66  218.33   12.53   52.49   34.68   -66.02
    2   15   -10.00   -10.00    37.39585   137.19049    17.736     0.9431     0.505400002     0.188499987    -0.693899989     0.349700004     0.302199990    -0.641200006   20   56.37  171.11   68.46   43.33   128.56    32.35  119.26   10.48  220.06   14.76   50.71   35.43   -70.36
    2   16   -10.00    -5.00    37.42169   137.23682    17.736     0.7016     0.328599989     0.184700012    -0.513300002     0.253899992     0.263799995    -0.488599986   20   60.17  165.48   73.96   47.43   135.26    22.03  118.59   12.99  224.59   16.44   42.35   43.05   -76.78
    2   17   -10.00     0.00    37.44753   137.28314    17.736     0.4751     0.153099999     0.169199988    -0.322299987     0.176899999     0.187000006    -0.334600002   20   67.50  160.36   85.49   57.65   147.54     5.34  118.42   18.96  240.46   18.83   25.72   57.26   -70.02
    2   18   -10.00     5.00    37.47338   137.32947    17.736     0.2906     0.027000001     0.134500012    -0.161500007     0.116800003     0.111199997    -0.201000005   20  251.57  159.07   85.49   61.12  -151.02    -5.16  119.19   21.77  259.65   23.40   16.61   60.70   -46.59
    2   19   -10.00    10.00    37.49922   137.37579    17.736     0.1597    -0.038899999     0.090000004    -0.051100001     0.063500002     0.091799997    -0.091799997   20  153.46  256.41   58.28   70.07   -23.63  -146.00  118.52   22.66  283.22   37.79    7.51   51.20   -49.03
    2   20   -10.00    15.00    37.52506   137.42213    17.736     0.2290    -0.247999996     0.136700004     0.111299999     0.037300002     0.135199994    -0.000800000   20   34.40  204.43   26.75   63.60   -81.07   -94.47  104.65  297.76  206.42   71.06   18.48    4.00   -90.62
    2   21   -10.00    20.00    37.55091   137.46846    17.736     0.3567    -0.354299992     0.213899985     0.140400007     0.102100000     0.242200002    -0.033700000   20   39.93  209.44   21.79   68.54   -80.25   -93.87  112.63  302.43  210.86   66.25   23.44    3.61   -96.41
    2   22   -10.00    25.00    37.57675   137.51479    17.736     0.4708    -0.420199990     0.283299983     0.136899993     0.162900001     0.345699996    -0.068499997   20  100.90  237.04   30.64   66.88   -50.41  -110.68  114.44  342.38  245.47   62.38   19.31   18.95   -96.33
    2   23   -10.00    30.00    37.60259   137.56111    17.736     0.5861    -0.474799991     0.348299980     0.126499996     0.202500001     0.462099999    -0.090200000   20   95.56  229.44   26.47   70.95   -47.05  -108.74  112.65  333.81  235.76   59.73   23.72   17.68   -95.19
    2   24   -10.00    35.00    37.62844   137.60744    17.736     0.6131    -0.463900000     0.376900017     0.086999997     0.181099996     0.511699975    -0.085000001   20   99.35  227.96   28.35   71.39   -42.22  -111.78  108.29  334.57  235.23   57.99   23.37   20.59   -94.63
    2   25   -10.00    40.00    37.65428   137.65376    17.736     0.6289    -0.461800009     0.391300023     0.070500001     0.166199997     0.534099996    -0.068400003   20   95.63  223.84   27.20   72.37   -41.51  -111.05  105.66  330.04  230.49   57.47   24.50   20.01   -92.64
    2   26   -10.00    45.00    37.68012   137.70010    17.736     0.6021    -0.453000009     0.382900000     0.070100002     0.123400003     0.510299981    -0.031800002   20   90.95  220.43   27.84   71.44   -42.97  -111.13  101.46  326.57  227.44   58.25   23.59   19.98   -90.32
    2   27   -10.00    50.00    37.70597   137.74643    17.736     0.5585    -0.416500002     0.351799995     0.064700000     0.073299997     0.484400004    -0.003300000   20   81.03  212.15   25.39   72.67   -44.01  -108.85   96.49  316.79  217.95   58.15   25.35   17.96   -89.99
    2   28   -10.00    55.00    37.73181   137.79276    17.736     0.4713    -0.336199999     0.297199994     0.039000001     0.059200000     0.414600015     0.001000000   20   84.02  212.35   25.95   73.20   -41.32  -110.08   95.76  317.96  218.38   57.15   25.56   19.19   -89.10
    2   29   -10.00    60.00    37.75765   137.83908    17.736     0.3566    -0.247099996     0.217599988     0.029500000     0.036200002     0.316900015     0.010500000   20   77.80  207.28   23.52   74.53   -41.93  -107.94   93.82  311.48  212.21   56.82   27.37   17.27   -86.81
    2   30   -10.00    65.00    37.78350   137.88541    17.736     0.2390    -0.186399996     0.138300002     0.048099998     0.027700000     0.189400002     0.029400000   20   73.44  209.80   26.91   69.83   -49.63  -108.20   92.74  313.66  216.27   60.97   22.75   17.05   -72.70
    3    1    -5.00   -80.00    37.06427   136.51532    14.868     0.1522     0.026000001     0.090899996    -0.116899997     0.052200001    -0.048700001    -0.082300000   20   61.10  157.12   63.14   78.31   166.87    27.48  286.71   22.08  178.41   10.15   27.57   60.31     3.88
    3    2    -5.00   -75.00    37.09012   136.56165    14.868     0.3512     0.162799999     0.133600011    -0.296400011     0.075900003    -0.112700000    -0.209399998   20   61.24  165.02   57.07   69.82   155.73    35.39  290.62   27.20  190.92    8.07   38.93   49.92   -41.87
    3    3    -5.00   -70.00    37.11596   136.60797    14.868     0.5601     0.328500003     0.152099997    -0.480599999     0.090099998    -0.148599997    -0.357199997   20   59.61  171.16   53.71   63.42   146.29    41.44  293.36   29.75  198.03    5.87   47.30   42.10   -56.11
    3    4    -5.00   -65.00    37.14180   136.65430    14.868     0.8326     0.581399977     0.127000034    -0.708400011     0.089299999    -0.181999996    -0.541899979   20   53.34  181.14   47.76   55.99   130.92    54.20  295.65   33.81  203.11    4.58   60.57   29.00   -61.82
    3    5    -5.00   -60.00    37.16765   136.70062    14.868     1.0874     0.808099985     0.100199997    -0.908299983     0.083400004    -0.201800004    -0.716899991   20   48.88  187.63   45.42   52.66   121.62    61.99  297.07   36.55  205.51    3.86   67.70   21.93   -62.81
    3    6    -5.00   -55.00    37.19349   136.74695    14.868     1.3058     0.994300008     0.078699946    -1.072999954     0.093699999    -0.203099996    -0.871100008   20   47.01  190.71   45.17   50.96   117.38    65.17  298.01   36.75  206.95    3.05   70.70   19.04   -62.69
    3    7    -5.00   -50.00    37.21933   136.79329    14.868     1.4803     1.136000037     0.073099971    -1.209100008     0.120499998    -0.181600004    -0.997799993   20   46.42  191.63   45.88   49.74   115.81    65.82  298.48   34.59  207.81    2.02   71.67   18.21   -63.11
    3    8    -5.00   -45.00    37.24518   136.83961    14.868     1.6776     1.291000009     0.060199976    -1.351199985     0.195199996    -0.139899999    -1.133399963   20   47.35  190.93   47.65   48.57   116.44    63.97  299.00   30.40  208.83    0.49   70.79   19.21   -61.24
    3    9    -5.00   -40.00    37.27102   136.88594    14.868     1.8909     1.457900047     0.026299953    -1.484200001     0.313600004    -0.077200003    -1.266299963   20   48.65  190.02   49.83   47.22   117.27    61.50  119.74   26.04  210.26    1.38   69.45   20.50   -57.06
    3   10    -5.00   -35.00    37.29686   136.93227    14.868     2.0795     1.611899972    -0.015999913    -1.595900059     0.427100003    -0.016100001    -1.365700006   20   49.07  189.87   51.34   45.91   117.00    60.42  120.32   22.78  211.42    2.88   69.02   20.76   -52.50
    3   11    -5.00   -30.00    37.32271   136.97859    14.868     2.2089     1.723000050    -0.047200084    -1.675799966     0.516700029     0.024499999    -1.412500024   20   49.08  189.69   52.26   45.04   116.68    59.88  120.53   20.58  211.99    3.83   68.82   20.80   -48.08
    3   12    -5.00   -25.00    37.34855   137.02493    14.868     2.2379     1.737400055    -0.041400075    -1.695999980     0.563399971     0.094099998    -1.417500019   20   48.70  189.43   53.23   43.98   116.07    59.54  120.52   17.77  212.37    4.91   68.76   20.61   -47.72
    3   13    -5.00   -20.00    37.37439   137.07126    14.868     2.1161     1.628999949    -0.016399980    -1.612599969     0.528299987     0.146899998    -1.355100036   20   47.94  189.67   53.65   43.15   115.06    60.07  120.43   15.57  212.45    5.55   69.23   19.95   -50.97
    3   14    -5.00   -15.00    37.40024   137.11758    14.868     1.9010     1.441799998     0.019700050    -1.461500049     0.466500014     0.198100001    -1.237900019   20   46.96  189.86   54.18   42.14   113.87    60.72  120.22   12.69  212.44    6.35   69.74   19.16   -55.65
    3   15    -5.00   -10.00    37.42608   137.16391    14.868     1.6655     1.258399963     0.018500090    -1.276900053     0.402399987     0.233500004    -1.091699958   20   45.31  191.47   54.46   40.69   111.29    63.06  120.31    8.45  212.55    7.19   71.29   17.18   -58.25
    3   16    -5.00    -5.00    37.45192   137.21024    14.868     1.4265     1.085000038    -0.027199984    -1.057800055     0.370700002     0.193700001    -0.929000020   20   46.54  191.91   54.82   40.58   111.69    62.32  121.26    9.19  213.63    7.45   70.80   17.59   -54.46
    3   17    -5.00     0.00    37.47777   137.25656    14.868     1.1231     0.855799973    -0.055199981    -0.800599992     0.307900012     0.137700006    -0.737200022   20   48.39  192.28   55.07   40.85   112.67    61.11  122.44   11.30  214.94    7.47   70.02   18.42   -51.88
    3   18    -5.00     5.00    37.50361   137.30290    14.868     0.7548     0.568899989    -0.046400011    -0.522499979     0.207599998     0.097199999    -0.509800017   20   49.30  192.97   55.33   40.66   112.71    60.84  123.31   11.68  215.91    7.71   69.84   18.51   -54.27
    3   19    -5.00    10.00    37.52945   137.34923    14.868     0.3181     0.225099996     0.007900000    -0.232999995     0.075400002     0.049899999    -0.232800007   20   49.40  189.74   55.84   41.40   114.97    58.12  121.88   12.37  214.75    7.66   68.05   20.44   -70.11
    3   20    -5.00    15.00    37.55529   137.39555    14.868     0.2276    -0.137899995     0.115099996     0.022800000     0.049300000     0.171700001    -0.093500003   20  277.00  158.72   42.24   66.72  -143.99   -53.70  113.33  223.15  322.53   53.41   14.13   32.94   -62.12
    3   21    -5.00    20.00    37.58114   137.44188    14.868     0.4127    -0.155100003     0.169000000    -0.013900000     0.130700007     0.321799994    -0.212200001   20  273.21  164.85   46.43   71.68  -154.29   -46.55  118.49  224.57  328.28   45.20   15.37   40.75   -68.39
    3   22    -5.00    25.00    37.60698   137.48820    14.868     0.5612    -0.122699998     0.212300003    -0.089599997     0.198100001     0.439200014    -0.316199988   20  269.39  165.88   49.86   74.51  -159.56   -41.98  119.32  222.83  329.35   40.14   15.48   45.76   -75.55
    3   23    -5.00    30.00    37.63282   137.53455    14.868     0.6954    -0.097599998     0.261600018    -0.164000005     0.225600004     0.566200018    -0.382999986   20  268.15  167.99   45.67   79.77  -165.62   -45.24  117.37  225.61  338.00   38.30   21.62   43.86   -78.71
    3   24    -5.00    35.00    37.65867   137.58087    14.868     0.7620    -0.060300000     0.294499993    -0.234200001     0.208700001     0.638000011    -0.400700003   20  265.86  169.55   41.01   84.54  -171.67   -49.29  114.79  228.12  344.87   36.93   27.79   40.49   -78.26
    3   25    -5.00    40.00    37.68451   137.62720    14.868     0.7840    -0.057300001     0.322200000    -0.264899999     0.179900005     0.672999978    -0.381000012   20  264.08  169.31   37.94   86.29  -173.96   -52.21  112.22  229.02  346.44   37.11   30.79   37.69   -76.92
    3   26    -5.00    45.00    37.71035   137.67352    14.868     0.7564    -0.012600000     0.311199993    -0.298599988     0.146200001     0.658599973    -0.344900012   20  261.06  170.96   33.98   89.94  -179.89   -56.02  110.18  231.78  350.92   35.96   35.84   33.98   -76.17
    3   27    -5.00    50.00    37.73620   137.71985    14.868     0.7059    -0.010600000     0.296600014    -0.286000013     0.100299999     0.625400007    -0.291999996   20  259.02  350.43   31.46   89.14   178.35    58.55  107.69  232.57  350.95   36.34   37.86   31.45   -72.44
    3   28    -5.00    55.00    37.76204   137.76619    14.868     0.6106     0.008800000     0.252299994    -0.261099994     0.065399997     0.543099999    -0.238600001   20  256.56  350.66   29.70   87.67   175.29    60.38  106.19  233.51  351.98   35.83   40.02   29.59   -69.36
    3   29    -5.00    60.00    37.78788   137.81252    14.868     0.4591     0.005300000     0.191499993    -0.196799994     0.042700000     0.413599998    -0.166500002   20  255.62  350.85   27.85   87.24   174.09    62.27  104.92  234.90  352.29   36.24   41.24   27.69   -69.05
    3   30    -5.00    65.00    37.81373   137.85884    14.868     0.2440    -0.024300000     0.115400001    -0.091100000     0.026600000     0.227699995    -0.075400002   20  259.51  169.33   26.25   89.92  -179.81   -63.75  103.22  235.50  349.29   39.44   39.28   26.25   -76.02
    4    1     0.00   -80.00    37.09451   136.48874    12.000     0.2410     0.140799999     0.064999998    -0.205799997     0.047400001    -0.063900001    -0.148599997   20   58.84  170.77   53.77   62.99   145.74    41.55  292.88   29.00  197.89    5.55   47.65   41.81   -49.72
    4    2     0.00   -75.00    37.12035   136.53506    12.000     0.5764     0.414099991     0.073400021    -0.487500012     0.059099998    -0.162499994    -0.344500005   20   50.68  182.75   44.61   56.54   128.26    58.58  294.53   37.66  201.37    6.52   63.29   25.78   -53.39
    4    3     0.00   -70.00    37.14619   136.58139    12.000     0.9698     0.748099983     0.046999991    -0.795099974     0.067500003    -0.257499993    -0.574100018   20   46.61  189.18   42.35   54.10   119.50    65.82  296.11   43.07  203.92    6.20   69.58   19.37   -49.78
    4    4     0.00   -65.00    37.17204   136.62773    12.000     1.4171     1.142899990    -0.012699962    -1.130200028     0.071900003    -0.333999991    -0.840099990   20   44.06  193.79   41.79   52.34   113.52    70.37  297.59   46.54  206.08    5.46   73.59   15.42   -46.90
    4    5     0.00   -60.00    37.19788   136.67406    12.000     1.8086     1.487400055    -0.074500084    -1.412899971     0.057500001    -0.399100006    -1.080500007   20   42.60  196.85   41.38   51.57   109.90    73.31  298.62   50.05  207.41    5.22   75.95   13.00   -46.07
    4    6     0.00   -55.00    37.22372   136.72038    12.000     2.1352     1.772799969    -0.120100021    -1.652699947     0.069100000    -0.409700006    -1.296399951   20   42.01  198.37   41.92   50.56   108.04    74.46  299.32   49.27  208.39    4.41   77.25   11.94   -46.66
    4    7     0.00   -50.00    37.24957   136.76671    12.000     2.4175     2.024499893    -0.161799908    -1.862699986     0.090300001    -0.402500004    -1.476799965   20   41.46  199.36   42.49   49.68   106.67    75.27  299.73   47.62  209.01    3.66   78.23   11.17   -46.54
    4    8     0.00   -45.00    37.27541   136.81303    12.000     2.6900     2.263600111    -0.202700138    -2.060899973     0.170900002    -0.357199997    -1.654800057   20   42.13  199.07   43.83   48.55   107.08    74.26  300.14   41.57  209.64    2.41   78.02   11.73   -45.93
    4    9     0.00   -40.00    37.30125   136.85938    12.000     2.9445     2.483900070    -0.245399952    -2.238500118     0.293700010    -0.262699991    -1.820199966   20   42.99  198.48   45.61   47.09   107.69    72.76  300.58   33.98  210.41    0.76   77.44   12.54   -45.04
    4   10     0.00   -35.00    37.32710   136.90570    12.000     3.1645     2.676100016    -0.294699907    -2.381400108     0.423099995    -0.195899993    -1.939599991   20   44.00  197.62   47.02   46.13   108.68    71.04  120.91   29.03  211.02    0.45   76.44   13.55   -42.51
    4   11     0.00   -30.00    37.35294   136.95203    12.000     3.3064     2.797800064    -0.324800014    -2.473000050     0.533200026    -0.132699996    -2.004400015   20   44.64  196.86   48.14   45.36   109.37    69.69  121.07   25.48  211.44    1.43   75.63   14.30   -40.32
    4   12     0.00   -25.00    37.37878   136.99835    12.000     3.3183     2.805000067    -0.318300009    -2.486700058     0.578000009    -0.056000002    -2.002500057   20   44.35  196.73   48.87   44.59   108.99    69.56  121.04   22.39  211.60    2.20   75.63   14.19   -40.22
    4   13     0.00   -20.00    37.40462   137.04468    12.000     3.1779     2.687999964    -0.303799868    -2.384200096     0.535899997    -0.000400000    -1.929100037   20   43.45  197.67   48.97   44.02   107.59    70.85  121.10   20.40  211.69    2.54   76.57   13.18   -41.71
    4   14     0.00   -15.00    37.43047   137.09100    12.000     2.9549     2.510299921    -0.290599823    -2.219700098     0.466500014     0.036800001    -1.796599984   20   42.23  199.00   48.83   43.58   105.77    72.73  121.14   18.52  211.70    2.68   77.88   11.81   -42.59
    4   15     0.00   -10.00    37.45631   137.13734    12.000     2.6718     2.280900002    -0.287999988    -1.992900014     0.436399996     0.063299999    -1.611999989   20   42.04  199.51   49.13   43.13   105.18    73.16  121.35   16.57  211.97    3.06   78.17   11.42   -41.23
    4   16     0.00    -5.00    37.48215   137.18367    12.000     2.2806     1.967800021    -0.305299997    -1.662500024     0.348100007     0.060600001    -1.379999995   20   41.66  201.66   48.85   42.92   103.47    75.08  122.16   15.77  212.70    3.01   79.45   10.10   -40.01
    4   17     0.00     0.00    37.50800   137.23000    12.000     1.8431     1.603099942    -0.306499958    -1.296599984     0.286799997     0.025000000    -1.117900014   20   43.10  202.56   48.70   43.17   103.89    74.72  123.32   18.37  213.83    2.81   79.23   10.39   -37.34
    4   18     0.00     5.00    37.53384   137.27632    12.000     1.2961     1.129400015    -0.241200030    -0.888199985     0.206200004     0.003600000    -0.791000009   20   44.39  202.93   48.64   43.41   104.56    74.06  124.14   20.57  214.65    2.66   78.79   10.88   -36.13
    4   19     0.00    10.00    37.55968   137.32265    12.000     0.6249     0.533500016    -0.094300002    -0.439200014     0.080600001     0.048099998    -0.397899985   20   39.24  206.86   49.21   41.45    98.16    80.66  123.47    1.32  213.89    3.90   82.69    6.17   -46.02
    4   20     0.00    15.00    37.58553   137.36899    12.000     0.3063     0.131699994     0.026200011    -0.157900006     0.049400002     0.166700006    -0.236800000   20    1.33  256.84   75.45   46.03    45.83   159.57  122.59  229.84   15.04   18.26   41.96   42.41   -72.92
    4   21     0.00    20.00    37.61137   137.41531    12.000     0.6239     0.270999998     0.036900014    -0.307900012     0.118600003     0.361699998    -0.465600014   20    5.15  255.66   73.79   41.07    51.73   154.86  122.85  235.26   17.56   19.62   46.92   36.50   -72.52
    4   22     0.00    25.00    37.63721   137.46164    12.000     0.8748     0.432399988     0.034700006    -0.467099994     0.185000002     0.481999993    -0.650500000   20   10.13  250.19   69.42   36.95    58.61   144.22  122.98  240.82   22.24   18.45   54.45   29.19   -76.29
    4   23     0.00    30.00    37.66306   137.50797    12.000     1.0789     0.556100011     0.056599975    -0.612699986     0.205200002     0.597700000    -0.772000015   20   10.67  246.66   68.17   35.60    61.15   140.31  121.72  241.98   22.25   18.18   56.91   26.61   -73.22
    4   24     0.00    35.00    37.68890   137.55429    12.000     1.2284     0.678799987     0.070300043    -0.749100029     0.178499997     0.671100020    -0.834900022   20   10.40  242.73   66.63   35.26    62.81   136.61  120.18  241.44   21.92   17.27   59.07   24.80   -67.09
    4   25     0.00    40.00    37.71474   137.60062    12.000     1.2579     0.698800027     0.100699961    -0.799499989     0.130400002     0.701099992    -0.815299988   20    7.92  241.88   66.96   35.87    61.72   138.08  118.45  238.46   19.81   17.23   58.19   25.85   -62.01
    4   26     0.00    45.00    37.74059   137.64696    12.000     1.2461     0.728799999     0.101899981    -0.830699980     0.092699997     0.688499987    -0.763400018   20    7.79  238.49   65.84   35.31    63.43   134.91  117.07  238.48   19.35   16.72   60.05   24.08   -56.98
    4   27     0.00    50.00    37.76643   137.69328    12.000     1.1592     0.684899986     0.104700029    -0.789600015     0.045299999     0.651000023    -0.673799992   20    6.10  237.42   65.99   35.47    63.06   135.48  115.64  236.67   17.78   16.75   59.72   24.44   -51.48
    4   28     0.00    55.00    37.79227   137.73961    12.000     1.0100     0.622200012     0.078599989    -0.700800002     0.015200000     0.563199997    -0.558399975   20    6.07  235.18   65.23   35.18    64.18   133.35  114.79  236.71   17.53   16.36   60.95   23.30   -45.90
    4   29     0.00    60.00    37.81812   137.78593    12.000     0.7764     0.479299992     0.053299993    -0.532599986     0.009800000     0.445899993    -0.414000005   20    6.25  234.44   65.53   34.32    65.15   132.72  114.35  238.07   17.11   16.93   61.27   22.49   -42.58
    4   30     0.00    65.00    37.84396   137.83226    12.000     0.4280     0.281399995     0.020300001    -0.301699996     0.010300000     0.232299998    -0.227100000   20    8.49  231.43   63.68   34.05    67.58   127.63  114.77  240.39   18.86   15.81   64.08   19.99   -42.52
    5    1     5.00   -80.00    37.12474   136.46217     9.132     0.4772     0.401300013    -0.024200022    -0.377099991     0.001900000    -0.129600003    -0.257900000   20   39.44  197.41   39.15   52.96   107.43    76.30  297.12   59.36  205.76    7.03   76.98   10.90   -37.89
    5    2     5.00   -75.00    37.15059   136.50850     9.132     0.9552     0.798900008    -0.051100016    -0.747799993     0.007900000    -0.276100010    -0.513800025   20   40.51  196.71   38.93   53.53   108.94    75.31  297.13   58.81  205.57    7.45   76.01   11.77   -36.68
    5    3     5.00   -70.00    37.17643   136.55482     9.132     1.5054     1.273699999    -0.113299966    -1.160400033     0.015400000    -0.413199991    -0.817200005   20   40.77  197.77   39.31   52.99   108.19    75.66  297.93   58.79  206.51    6.98   76.58   11.40   -35.25
    5    4     5.00   -65.00    37.20227   136.60115     9.132     2.0690     1.770499945    -0.203299999    -1.567199945     0.010200000    -0.535600007    -1.136299968   20   40.67  199.38   39.53   52.44   106.72    76.64  298.85   60.21  207.62    6.56   77.53   10.55   -34.38
    5    5     5.00   -60.00    37.22812   136.64748     9.132     2.5388     2.181999922    -0.279799938    -1.902199984     0.007700000    -0.609799981    -1.423599958   20   40.68  200.56   39.92   51.84   105.70    77.24  299.59   60.32  208.52    6.05   78.28   10.00   -35.35
    5    6     5.00   -55.00    37.25396   136.69380     9.132     2.9982     2.599600077    -0.368600130    -2.230999947     0.021100000    -0.644699991    -1.700399995   20   40.45  201.60   40.54   51.01   104.54    77.88  300.18   59.27  209.30    5.30   79.19    9.39   -35.36
    5    7     5.00   -50.00    37.27980   136.74014     9.132     3.3726     2.939800024    -0.441400051    -2.498399973     0.061999999    -0.625899971    -1.942499995   20   40.50  202.21   41.43   50.04   103.92    78.01  300.68   55.85  209.98    4.36   79.84    9.16   -36.02
    5    8     5.00   -45.00    37.30564   136.78647     9.132     3.6960     3.235500097    -0.503400087    -2.732100010     0.130799994    -0.585799992    -2.147099972   20   40.76  202.29   42.39   49.12   103.86    77.67  300.99   50.93  210.43    3.41   80.09    9.29   -36.10
    5    9     5.00   -40.00    37.33149   136.83279     9.132     3.9844     3.497400045    -0.553300142    -2.944099903     0.252400011    -0.485500008    -2.333300114   20   41.25  201.93   43.79   47.86   104.20    76.77  301.25   43.06  210.90    2.07   80.01    9.77   -36.17
    5   10     5.00   -35.00    37.35733   136.87912     9.132     4.2121     3.702199936    -0.599599838    -3.102600098     0.386299998    -0.406199992    -2.464900017   20   42.05  201.19   44.99   46.95   105.08    75.42  301.44   36.76  211.26    1.00   79.35   10.60   -35.16
    5   11     5.00   -30.00    37.38317   136.92545     9.132     4.3411     3.821500063    -0.628299952    -3.193200111     0.481200010    -0.328700006    -2.530800104   20   42.34  200.82   45.85   46.22   105.36    74.74  301.54   32.52  211.51    0.19   79.05   10.95   -34.28
    5   12     5.00   -25.00    37.40902   136.97179     9.132     4.3370     3.823199987    -0.624900103    -3.198299885     0.518000007    -0.224900007    -2.524800062   20   41.82  201.09   46.48   45.44   104.61    75.13  121.55   28.70  211.65    0.53   79.45   10.54   -34.48
    5   13     5.00   -20.00    37.43486   137.01811     9.132     4.2002     3.713000059    -0.618299961    -3.094700098     0.497799993    -0.164700001    -2.442300081   20   41.26  201.73   46.67   45.03   103.68    75.93  121.64   26.87  211.78    0.83   80.06    9.90   -34.49
    5   14     5.00   -15.00    37.46070   137.06444     9.132     3.9317     3.488699913    -0.596999884    -2.891700029     0.432399988    -0.124300003    -2.286400080   20   40.48  202.76   46.58   44.81   102.39    77.23  121.75   26.09  211.89    0.90   80.99    8.97   -34.64
    5   15     5.00   -10.00    37.48655   137.11076     9.132     3.5780     3.193300009    -0.573499918    -2.619800091     0.374300003    -0.072200000    -2.072000027   20   39.72  203.87   46.65   44.46   101.03    78.54  121.94   24.15  212.10    1.10   81.92    8.00   -33.97
    5   16     5.00    -5.00    37.51239   137.15709     9.132     3.0341     2.709700108    -0.538800001    -2.170900106     0.312799990    -0.044300001    -1.781499982   20   40.18  205.07   46.75   44.26   100.48    79.05  122.79   23.48  212.95    1.26   82.28    7.62   -34.14
    5   17     5.00     0.00    37.53823   137.20343     9.132     2.4239     2.164900064    -0.477100015    -1.687800050     0.268700004    -0.047400001    -1.436900020   20   41.66  205.34   46.88   44.30   101.31    78.17  123.68   24.74  213.87    1.31   81.66    8.23   -33.32
    5   18     5.00     5.00    37.56408   137.24976     9.132     1.7218     1.544600010    -0.371199965    -1.173400044     0.193800002    -0.044599999    -1.020099998   20   42.54  205.85   46.82   44.41   101.59    77.91  124.37   26.21  214.55    1.22   81.48    8.43   -31.70
    5   19     5.00    10.00    37.58992   137.29608     9.132     0.8807     0.796800017    -0.191500008    -0.605300009     0.074400000    -0.000500000    -0.518499970   20   39.54  208.61   46.61   43.92    97.56    82.08  124.20   20.40  214.33    1.35   84.35    5.48   -32.15
    5   20     5.00    15.00    37.61576   137.34241     9.132     0.5638     0.441100001    -0.086899996    -0.354200006     0.043600000     0.151400000    -0.393700004   20   25.78  227.31   53.59   38.40    76.83   107.17  125.14  250.66   33.69    7.73   76.86   10.57   -56.48
    5   21     5.00    20.00    37.64161   137.38873     9.132     1.0595     0.816100001    -0.152899981    -0.663200021     0.084100001     0.310099989    -0.739499986   20   24.38  228.83   54.50   38.08    75.21   109.69  124.90  249.08   33.10    8.39   75.29   11.99   -56.78
    5   22     5.00    25.00    37.66745   137.43506     9.132     1.4799     1.141399980    -0.203000009    -0.938399971     0.099100001     0.445199996    -1.017899990   20   23.02  229.48   54.73   38.31    73.97   111.33  124.40  246.45   32.44    8.43   74.40   13.03   -54.93
    5   23     5.00    30.00    37.69329   137.48140     9.132     1.8165     1.425099969    -0.237699986    -1.187399983     0.115500003     0.533999979    -1.216099977   20   23.24  227.48   54.32   38.22    75.29   109.48  123.70  247.57   31.95    8.23   75.46   11.91   -52.56
    5   24     5.00    35.00    37.71914   137.52773     9.132     2.0633     1.646399975    -0.251600027    -1.394799948     0.083300002     0.610099971    -1.324300051   20   21.61  226.96   54.18   38.61    74.50   110.32  122.61  244.35   30.83    7.97   75.09   12.51   -47.81
    5   25     5.00    40.00    37.74498   137.57405     9.132     2.1364     1.723899961    -0.233099937    -1.490800023     0.047100000     0.629499972    -1.325999975   20   20.20  226.23   54.02   38.93    73.99   110.80  121.55  241.77   29.76    7.74   74.89   12.90   -44.70
    5   26     5.00    45.00    37.77082   137.62038     9.132     2.1213     1.747599959    -0.235199928    -1.512400031    -0.010700000     0.613799989    -1.257799983   20   18.89  225.73   53.65   39.51    73.31   111.32  120.71  238.50   28.97    7.26   74.71   13.38   -38.99
    5   27     5.00    50.00    37.79667   137.66670     9.132     1.9889     1.651000023    -0.216300011    -1.434700012    -0.042800002     0.595200002    -1.136399984   20   17.59  225.68   53.88   39.60    72.54   112.36  119.94  236.87   28.09    7.36   74.09   14.03   -34.73
    5   28     5.00    55.00    37.82251   137.71304     9.132     1.7369     1.459800005    -0.201300025    -1.258499980    -0.067900002     0.527400017    -0.956300020   20   16.75  225.60   53.89   39.79    72.01   112.95  119.47  235.44   27.58    7.27   73.75   14.45   -29.69
    5   29     5.00    60.00    37.84835   137.75937     9.132     1.3224     1.117300034    -0.163600028    -0.953700006    -0.053300001     0.413800001    -0.713999987   20   16.71  225.55   54.12   39.55    72.11   113.01  119.37  236.13   27.42    7.52   73.67   14.41   -27.00
    5   30     5.00    65.00    37.87420   137.80569     9.132     0.7495     0.636500001    -0.102999985    -0.533500016    -0.023399999     0.242300004    -0.399800003   20   17.41  225.46   54.39   39.06    72.76   112.48  119.63  238.33   27.65    7.89   73.90   13.94   -25.00
    6    1    10.00   -80.00    37.15497   136.43559     6.264     0.6934     0.614499986    -0.097999990    -0.516499996    -0.040800001    -0.200800002    -0.342999995   20   36.05  203.15   37.16   53.54   100.34    82.25  298.68   81.11  207.78    8.24   79.65    6.23   -23.79
    6    2    10.00   -75.00    37.18082   136.48192     6.264     1.3215     1.159100056    -0.172700047    -0.986400008    -0.042800002    -0.390100002    -0.665700018   20   38.10  201.25   37.64   53.57   103.49    79.80  298.51   72.41  207.35    8.04   78.48    8.19   -25.31
    6    3    10.00   -70.00    37.20666   136.52824     6.264     2.0126     1.769999981    -0.278399944    -1.491600037    -0.048000000    -0.575299978    -1.026999950   20   38.87  201.33   38.09   53.23   103.97    79.28  298.95   70.18  207.79    7.66   78.47    8.57   -25.24
    6    4    10.00   -65.00    37.23250   136.57458     6.264     2.6404     2.323999882    -0.384399891    -1.939599991    -0.053199999    -0.707000017    -1.386500001   20   39.43  202.03   38.65   52.66   103.76    79.23  299.68   68.85  208.61    7.08   78.87    8.54   -26.91
    6    5    10.00   -60.00    37.25835   136.62091     6.264     3.1737     2.795200109    -0.476999998    -2.318200111    -0.054299999    -0.796199977    -1.704499960   20   39.71  202.63   39.13   52.13   103.40    79.32  300.21   67.75  209.23    6.57   79.30    8.41   -28.46
    6    6    10.00   -55.00    37.28419   136.66724     6.264     3.7043     3.281599998    -0.593100071    -2.688499928    -0.039299998    -0.852999985    -2.015799999   20   39.88  203.28   39.74   51.45   102.91    79.48  300.74   66.12  209.89    5.91   79.86    8.21   -28.67
    6    7    10.00   -50.00    37.31003   136.71356     6.264     4.1697     3.717600107    -0.703100204    -3.014499903    -0.011200000    -0.867799997    -2.289700031   20   39.89  203.86   40.40   50.72   102.34    79.69  301.16   64.04  210.43    5.21   80.47    7.96   -28.66
    6    8    10.00   -45.00    37.33588   136.75989     6.264     4.5269     4.050099850    -0.776199818    -3.273900032     0.057300001    -0.810299993    -2.522399902   20   40.02  204.08   41.37   49.74   102.09    79.55  301.47   59.23  210.88    4.23   80.97    7.96   -29.58
    6    9    10.00   -40.00    37.36172   136.80623     6.264     4.8267     4.330399990    -0.829099894    -3.501300097     0.167799994    -0.724699974    -2.711400032   20   40.33  203.78   42.46   48.74   102.36    78.92  301.61   52.33  211.15    3.17   81.10    8.31   -29.93
    6   10    10.00   -35.00    37.38756   136.85255     6.264     5.0631     4.548999786    -0.878399849    -3.670599937     0.294699997    -0.620000005    -2.863899946   20   40.82  203.43   43.57   47.77   102.78    78.11  301.81   45.30  211.49    2.12   80.97    8.77   -30.04
    6   11    10.00   -30.00    37.41341   136.89888     6.264     5.1848     4.666999817    -0.909499884    -3.757499933     0.396499991    -0.512899995    -2.935899973   20   41.03  203.24   44.46   46.94   102.90    77.64  301.95   39.84  211.75    1.26   80.91    9.00   -29.75
    6   12    10.00   -25.00    37.43925   136.94521     6.264     5.1676     4.654200077    -0.898400068    -3.755800009     0.448000014    -0.396400005    -2.931099892   20   40.73  203.34   45.12   46.22   102.46    77.77  301.96   35.54  211.87    0.55   81.19    8.80   -30.14
    6   13    10.00   -20.00    37.46509   136.99153     6.264     5.0058     4.524400234    -0.884700298    -3.639699936     0.430700004    -0.304899991    -2.832900047   20   40.04  204.04   45.39   45.74   101.39    78.68  302.02   33.24  212.00    0.17   81.92    8.08   -30.04
    6   14    10.00   -15.00    37.49094   137.03786     6.264     4.7184     4.283800125    -0.865500212    -3.418299913     0.389999986    -0.280699998    -2.655200005   20   39.81  204.54   45.33   45.70   100.87    79.20  302.15   33.51  212.12    0.18   82.29    7.71   -29.06
    6   15    10.00   -10.00    37.51678   137.08420     6.264     4.2959     3.909800053    -0.816300154    -3.093499899     0.344900012    -0.214800000    -2.421799898   20   39.50  205.32   45.47   45.42   100.05    79.94  122.41   32.22  212.41    0.02   82.85    7.15   -28.95
    6   16    10.00    -5.00    37.54262   137.13052     6.264     3.7351     3.408600092    -0.753200054    -2.655400038     0.305000007    -0.136800006    -2.113899946   20   39.48  206.27   45.77   44.99    99.30    80.57  122.92   29.55  212.96    0.39   83.34    6.65   -28.60
    6   17    10.00     0.00    37.56847   137.17685     6.264     3.0176     2.757999897    -0.646499872    -2.111500025     0.263799995    -0.090400003    -1.715000033   20   40.04  206.77   46.05   44.72    99.30    80.49  123.48   27.79  213.56    0.67   83.29    6.68   -28.00
    6   18    10.00     5.00    37.59431   137.22318     6.264     2.1263     1.946599960    -0.481599927    -1.465000033     0.187399998    -0.063800000    -1.213299990   20   40.57  207.31   46.09   44.69    99.28    80.49  124.02   28.02  214.10    0.70   83.29    6.67   -27.46
    6   19    10.00    10.00    37.62015   137.26950     6.264     1.0655     0.977100015    -0.247799993    -0.729300022     0.066100001    -0.036400001    -0.612800002   20   39.52  209.02   45.43   45.05    97.41    82.54  124.29   32.19  214.30    0.19   84.73    5.27   -28.41
    6   20    10.00    15.00    37.64600   137.31584     6.264     0.8420     0.739300013    -0.200900018    -0.538399994     0.029999999     0.100299999    -0.535200000   20   32.74  219.97   48.48   41.75    85.19    95.41  126.14  259.18   35.93    3.37   85.07    3.60   -40.42
    6   21    10.00    20.00    37.67184   137.36217     6.264     1.5264     1.325899959    -0.338199973    -0.987699986     0.030099999     0.206200004    -0.979499996   20   30.40  221.61   48.75   41.80    82.55    98.41  125.67  247.50   35.32    3.49   83.40    5.59   -42.15
    6   22    10.00    25.00    37.69768   137.40849     6.264     2.1209     1.839699984    -0.447299957    -1.392400026     0.003200000     0.325700015    -1.342499971   20   27.93  223.16   49.13   41.88    79.90   101.46  125.07  240.50   34.58    3.66   81.53    7.62   -40.55
    6   23    10.00    30.00    37.72353   137.45482     6.264     2.5938     2.264699936    -0.531499982    -1.733199954    -0.004200000     0.415100008    -1.603999972   20   27.18  222.77   49.29   41.78    79.68   101.76  124.47  240.16   33.95    3.79   81.32    7.80   -38.19
    6   24    10.00    35.00    37.74937   137.50114     6.264     2.8986     2.552700043    -0.569800019    -1.982900023    -0.060600001     0.468699992    -1.737900019   20   25.49  222.85   49.19   42.14    78.45   103.05  123.64  235.67   33.10    3.56   80.57    8.71   -34.77
    6   25    10.00    40.00    37.77521   137.54749     6.264     3.0348     2.698699951    -0.578399897    -2.120300055    -0.111900002     0.483799994    -1.762699962   20   24.25  222.53   49.00   42.48    77.77   103.69  122.88  232.42   32.35    3.30   80.22    9.20   -31.37
    6   26    10.00    45.00    37.80106   137.59381     6.264     3.0225     2.720900059    -0.580000162    -2.140899897    -0.173600003     0.475899994    -1.690299988   20   23.01  222.55   48.78   42.91    76.83   104.57  122.29  228.88   31.77    2.97   79.69    9.86   -26.64
    6   27    10.00    50.00    37.82690   137.64014     6.264     2.8351     2.571099997    -0.543900013    -2.027199984    -0.197300002     0.466899991    -1.536800027   20   21.94  222.61   48.91   42.99    76.08   105.42  121.75  227.62   31.20    3.01   79.12   10.45   -22.89
    6   28    10.00    55.00    37.85274   137.68646     6.264     2.4352     2.215800047    -0.469099998    -1.746700048    -0.180700004     0.437200010    -1.290699959   20   21.17  222.82   49.32   42.76    75.50   106.25  121.39  228.13   30.74    3.34   78.54   10.95   -20.12
    6   29    10.00    60.00    37.87859   137.73279     6.264     1.8440     1.689299941    -0.370099902    -1.319200039    -0.139100000     0.336100012    -0.961399972   20   21.27  222.75   49.36   42.69    75.62   106.14  121.40  228.50   30.75    3.39   78.61   10.86   -17.70
    6   30    10.00    65.00    37.90443   137.77911     6.264     1.0160     0.934700012    -0.215600014    -0.719099998    -0.069899999     0.190200001    -0.527599990   20   21.92  222.85   49.50   42.45    76.05   105.77  121.76  230.25   31.09    3.58   78.83   10.57   -16.47
    7    1    15.00   -80.00    37.18521   136.40903     3.396     0.8712     0.790499985    -0.163599968    -0.626900017    -0.079200000    -0.260300010    -0.407700002   20   35.04  205.66   36.32   54.05    97.58    84.46  299.63   92.46  208.92    8.89   80.02    4.48   -15.19
    7    2    15.00   -75.00    37.21105   136.45535     3.396     1.6346     1.467599988    -0.280699968    -1.186900020    -0.101499997    -0.485300004    -0.790400028   20   36.77  203.89   36.95   53.75   100.35    82.30  299.39   82.59  208.46    8.45   79.49    6.20   -18.70
    7    3    15.00   -70.00    37.23689   136.50168     3.396     2.3332     2.082799911    -0.387099862    -1.695700049    -0.108400002    -0.681500018    -1.155200005   20   37.92  203.14   37.43   53.50   101.83    81.08  299.50   77.49  208.47    8.10   79.16    7.16   -20.72
    7    4    15.00   -65.00    37.26274   136.54800     3.396     3.0303     2.708699942    -0.515899897    -2.192800045    -0.106899999    -0.824699998    -1.543300033   20   38.68  203.40   38.18   52.82   102.12    80.63  300.06   74.31  209.09    7.39   79.47    7.46   -22.36
    7    5    15.00   -60.00    37.28858   136.59433     3.396     3.5929     3.209300041    -0.618400097    -2.590899944    -0.097099997    -0.909099996    -1.881399989   20   39.20  203.72   38.83   52.20   102.17    80.37  300.56   71.74  209.66    6.75   79.82    7.59   -24.45
    7    6    15.00   -55.00    37.31442   136.64067     3.396     4.1234     3.695600033    -0.738500118    -2.957099915    -0.100299999    -0.966700017    -2.194799900   20   39.25  204.47   39.32   51.62   101.53    80.70  301.07   71.12  210.28    6.20   80.42    7.28   -25.33
    7    7    15.00   -50.00    37.34027   136.68700     3.396     4.5988     4.141499996    -0.848599911    -3.292900085    -0.067599997    -0.959299982    -2.485300064   20   39.26  205.01   40.10   50.78   101.00    80.87  301.48   68.48  210.81    5.38   81.11    7.06   -26.14
    7    8    15.00   -45.00    37.36611   136.73332     3.396     4.9698     4.486400127    -0.925500154    -3.560899973     0.018700000    -0.908200026    -2.725800037   20   39.68  204.92   41.07   49.88   101.23    80.37  301.74   62.63  211.16    4.44   81.40    7.35   -27.02
    7    9    15.00   -40.00    37.39195   136.77965     3.396     5.2825     4.779300213    -0.982200146    -3.797100067     0.129700005    -0.809300005    -2.930500031   20   39.92  204.74   42.15   48.86   101.37    79.88  301.89   55.71  211.44    3.39   81.67    7.61   -27.80
    7   10    15.00   -35.00    37.41780   136.82597     3.396     5.5214     5.004099846    -1.025199890    -3.978899956     0.238700002    -0.684899986    -3.087399960   20   40.00  204.67   43.16   47.87   101.30    79.58  302.02   49.04  211.70    2.38   81.93    7.71   -28.39
    7   11    15.00   -30.00    37.44364   136.87230     3.396     5.6680     5.148700237    -1.064800262    -4.083899975     0.345999986    -0.583299994    -3.170200109   20   40.26  204.43   43.99   47.12   101.53    79.08  302.13   43.25  211.91    1.58   81.87    7.98   -27.97
    7   12    15.00   -25.00    37.46948   136.91864     3.396     5.6616     5.151199818    -1.072000027    -4.079199791     0.407200009    -0.524500012    -3.157399893   20   40.46  204.19   44.44   46.73   101.77    78.69  302.16   40.15  212.00    1.16   81.71    8.21   -27.36
    7   13    15.00   -20.00    37.49533   136.96497     3.396     5.4917     5.009699821    -1.049599886    -3.960099936     0.409200013    -0.401899993    -3.063199997   20   39.86  204.79   44.87   46.13   100.81    79.43  302.24   37.02  212.16    0.64   82.37    7.60   -27.52
    7   14    15.00   -15.00    37.52117   137.01129     3.396     5.1700     4.741000175    -1.033600092    -3.707400084     0.360799998    -0.357800007    -2.868599892   20   39.54  205.52   44.83   46.03   100.04    80.17  302.46   37.32  212.38    0.60   82.92    7.06   -26.47
    7   15    15.00   -10.00    37.54701   137.05762     3.396     4.7422     4.364999771    -0.992599726    -3.372400045     0.322600007    -0.313100010    -2.625900030   20   39.55  206.12   44.86   45.93    99.61    80.57  302.77   37.30  212.71    0.54   83.22    6.76   -25.59
    7   16    15.00    -5.00    37.57286   137.10394     3.396     4.1503     3.835500002    -0.918999910    -2.916500092     0.265799999    -0.257800013    -2.298399925   20   39.55  207.00   44.86   45.83    98.96    81.19  303.22   37.61  213.17    0.49   83.67    6.31   -24.77
    7   17    15.00     0.00    37.59870   137.15028     3.396     3.3651     3.121099949    -0.788899899    -2.332200050     0.196500003    -0.191100001    -1.867699981   20   39.49  208.09   44.86   45.71    98.13    81.99  303.75   37.98  213.70    0.43   84.26    5.73   -24.19
    7   18    15.00     5.00    37.62454   137.19661     3.396     2.3764     2.210299969    -0.583899975    -1.626399994     0.119499996    -0.120700002    -1.323400021   20   39.24  209.29   44.82   45.61    97.09    83.00  304.23   38.73  214.19    0.39   84.99    4.99   -23.95
    7   19    15.00    10.00    37.65039   137.24294     3.396     1.2205     1.135400057    -0.306400061    -0.828999996     0.050400000    -0.053100001    -0.684300005   20   38.75  210.37   44.80   45.51    95.96    84.11  304.53   39.38  214.51    0.36   85.79    4.20   -24.54
    7   20    15.00    15.00    37.67623   137.28926     3.396     0.9793     0.882700026    -0.259300053    -0.623399973     0.018100001     0.059300002    -0.603500009   20   34.92  218.34   46.74   43.32    87.65    92.50  126.58  261.52   36.53    1.71   87.58    1.71   -35.10
    7   21    15.00    20.00    37.70207   137.33559     3.396     1.7821     1.597700000    -0.440099955    -1.157600045    -0.004400000     0.105999999    -1.103500009   20   33.00  219.06   46.42   43.74    85.81    94.39  125.96  239.75   35.89    1.34   86.68    3.03   -36.51
    7   22    15.00    25.00    37.72792   137.38191     3.396     2.4908     2.227200031    -0.583400011    -1.643800020    -0.049899999     0.250699997    -1.518900037   20   29.47  221.48   47.34   43.29    81.80    98.80  125.26  233.83   35.05    2.03   83.64    6.02   -34.86
    7   23    15.00    30.00    37.75376   137.42825     3.396     3.0103     2.705600023    -0.687700033    -2.017899990    -0.080399998     0.315899998    -1.800199986   20   28.53  221.39   47.40   43.33    81.21    99.43  124.73  232.23   34.50    2.05   83.23    6.45   -32.84
    7   24    15.00    35.00    37.77960   137.47458     3.396     3.3985     3.089999914    -0.772300005    -2.317699909    -0.160999998     0.350400001    -1.961099982   20   27.07  221.58   47.15   43.78    80.02   100.58  124.11  227.12   33.90    1.70   82.51    7.30   -28.45
    7   25    15.00    40.00    37.80545   137.52090     3.396     3.5760     3.271399975    -0.791199923    -2.480200052    -0.229800001     0.382499993    -2.006000042   20   25.53  221.78   47.12   44.04    78.78   101.84  123.44  224.11   33.22    1.56   81.65    8.20   -25.29
    7   26    15.00    45.00    37.83129   137.56723     3.396     3.5523     3.285000086    -0.788100004    -2.496900082    -0.299199998     0.375200003    -1.917400002   20   24.23  221.85   46.92   44.46    77.76   102.77  122.86  220.75   32.66    1.25   81.01    8.91   -20.58
    7   27    15.00    50.00    37.85713   137.61356     3.396     3.2994     3.068700075    -0.732300043    -2.336400032    -0.305299997     0.378500015    -1.735299945   20   23.33  221.97   47.12   44.42    77.07   103.55  122.43  220.61   32.20    1.37   80.46    9.44   -17.43
    7   28    15.00    55.00    37.88298   137.65990     3.396     2.7625     2.569600105    -0.603800058    -1.965800047    -0.260699987     0.359899998    -1.434499979   20   22.53  222.20   47.59   44.14    76.44   104.39  122.08  221.93   31.77    1.75   79.88    9.97   -16.03
    7   29    15.00    60.00    37.90882   137.70622     3.396     2.0721     1.939100027    -0.465600014    -1.473500013    -0.197500005     0.285800010    -1.055699944   20   22.38  222.22   47.78   43.97    76.38   104.55  121.98  222.75   31.63    1.93   79.77   10.05   -13.40
    7   30    15.00    65.00    37.93466   137.75255     3.396     1.1437     1.076400042    -0.268100023    -0.808300018    -0.101000004     0.158999994    -0.578299999   20   23.06  222.01   47.82   43.78    77.02   103.93  122.21  224.16   31.86    2.05   80.20    9.58   -12.09
