    1    1   -15.00   -80.00    37.00381   136.56845    20.604     0.0430     0.014100000     0.018399999    -0.032499999     0.023700001    -0.020199999    -0.010500000   20   46.75  151.62   44.14   76.02   159.70    47.69  271.98   21.25  164.02   19.67   42.71   40.78    25.54
    1    2   -15.00   -75.00    37.02965   136.61479    20.604     0.1013     0.059500001     0.023000002    -0.082500003     0.048999999    -0.015400000    -0.046799999   20   53.44  168.17   58.12   56.07   138.91    39.53  111.23   19.77  202.24    1.22   50.18   39.79     3.82
    1    3   -15.00   -70.00    37.05549   136.66112    20.604     0.1118     0.034800000     0.054499999    -0.089299999     0.056499999     0.018300001    -0.054400001   20   57.86  157.98   76.28   54.25   143.03    16.99  112.22   11.81  220.37   14.20   35.51   50.91   -16.24
    1    4   -15.00   -65.00    37.08134   136.70744    20.604     0.1654     0.112800002     0.044799998    -0.157600001     0.035200000     0.008300000    -0.097800002   20   48.78  173.33   56.39   49.53   128.80    46.69  112.42   16.13  204.79    3.88   58.25   31.46   -66.74
    1    5   -15.00   -60.00    37.10718   136.75377    20.604     0.2293     0.172800004     0.040799990    -0.213599995     0.018700000     0.000000000    -0.147599995   20   37.96  190.94   47.61   45.70   108.97    70.39  114.67   20.69  204.91    0.98   76.07   13.90   -74.09
    1    6   -15.00   -55.00    37.13302   136.80009    20.604     0.2854     0.222000003     0.030099988    -0.252099991     0.019700000    -0.003600000    -0.186800003   20   36.84  195.94   46.53   45.42   104.72    75.00  116.49   23.50  206.60    0.56   79.36   10.62   -69.24
    1    7   -15.00   -50.00    37.15887   136.84644    20.604     0.3089     0.225099996     0.042500004    -0.267600000     0.037099998     0.003600000    -0.217399999   20   46.25  187.35   50.38   46.77   117.22    61.07  117.36   22.29  208.09    1.92   69.27   20.63   -75.04
    1    8   -15.00   -45.00    37.18471   136.89276    20.604     0.3540     0.252200007     0.043399990    -0.295599997     0.057000000    -0.007400000    -0.248799995   20   51.93  182.96   52.53   49.42   124.96    53.22  118.02   24.69  208.89    1.71   62.89   27.05   -68.94
    1    9   -15.00   -40.00    37.21055   136.93909    20.604     0.4052     0.279799998     0.036500007    -0.316300005     0.091499999    -0.021500001    -0.281800002   20   56.50  180.60   54.90   51.42   130.34    47.35  119.25   26.09  210.48    1.97   57.94   31.98   -57.50
    1   10   -15.00   -35.00    37.23640   136.98541    20.604     0.4502     0.319700003     0.021699995    -0.341399997     0.111599997    -0.003800000    -0.310600013   20   55.05  183.14   55.05   48.56   126.16    49.83  120.34   23.86  212.33    3.61   60.81   28.92   -55.59
    1   11   -15.00   -30.00    37.26224   137.03174    20.604     0.4885     0.355500013     0.014799982    -0.370299995     0.125200003     0.029200001    -0.331800014   20   51.83  185.78   55.17   45.07   120.64    53.78  120.60   18.94  213.14    5.49   64.59   24.73   -57.05
    1   12   -15.00   -25.00    37.28808   137.07808    20.604     0.5348     0.378699988     0.019100010    -0.397799999     0.171800002     0.054299999    -0.347000003   20   52.58  183.47   57.88   43.80   121.55    50.19  120.66   15.62  214.50    7.72   62.41   26.31   -50.49
    1   13   -15.00   -20.00    37.31393   137.12440    20.604     0.4974     0.326000005     0.037699997    -0.363700002     0.172199994     0.065399997    -0.334600002   20   55.55  179.66   60.91   44.77   125.67    43.66  120.87   16.15  216.31    9.10   57.76   30.63   -54.54
    1   14   -15.00   -15.00    37.33977   137.17073    20.604     0.4443     0.275799990     0.041100025    -0.316900015     0.161100000     0.071699999    -0.306300014   20   57.35  177.78   63.09   45.05   127.61    39.75  121.33   16.20  218.13   10.34   55.04   32.97   -57.33
    1   15   -15.00   -10.00    37.36561   137.21706    20.604     0.3614     0.177399993     0.058900014    -0.236300007     0.157299995     0.097800002    -0.251100004   20   61.59  171.14   71.13   45.59   132.31    26.92  121.99   15.18  225.18   15.43   46.34   39.57   -59.85
    1   16   -15.00    -5.00    37.39146   137.26338    20.604     0.2769     0.089699998     0.063199997    -0.152899995     0.132699996     0.108999997    -0.195899993   20   67.07  165.25   81.02   48.03   137.38    12.12  123.13   16.91  237.45   21.26   35.68   46.63   -65.81
    1   17   -15.00     0.00    37.41730   137.30971    20.604     0.2022    -0.001700000     0.068300001    -0.066600002     0.098600000     0.112599999    -0.138200000   20  257.71  160.30   78.78   56.96  -146.23   -13.42  124.11   25.07  273.93   31.54   14.36   54.63   -68.01
    1   18   -15.00     5.00    37.44314   137.35605    20.604     0.1563    -0.084100001     0.073600002     0.010500000     0.066799998     0.100500003    -0.078599997   20  157.03  271.42   57.64   56.90   -40.28  -140.29  123.86  214.38  304.75   49.87    0.44   40.12   -63.57
    1   19   -15.00    10.00    37.46899   137.40237    20.604     0.1092    -0.100900002     0.059400003     0.041499998     0.041099999     0.065300003    -0.028000001   20  153.24  286.34   53.82   46.95   -57.76  -126.11  123.25  221.02  312.81   64.18    3.75   25.51   -83.97
    1   20   -15.00    15.00    37.49483   137.44870    20.604     0.0858    -0.083700001     0.047900002     0.035799999     0.045100000     0.029899999     0.005200000   20   66.52  240.48   25.62   64.50   -84.55   -92.61  144.98  332.43  241.60   70.38   19.46    2.35   -66.78
    1   21   -15.00    20.00    37.52067   137.49503    20.604     0.1783    -0.134700000     0.088100001     0.046599999     0.129700005     0.057399999    -0.016000001   20  104.01  255.84   21.16   71.16   -63.47   -99.81  150.67  353.52  259.04   62.60   25.53    9.28   -57.00
    1   22   -15.00    25.00    37.54652   137.54135    20.604     0.2750    -0.188700005     0.128399998     0.060300000     0.203700006     0.105800003    -0.036100000   20  111.35  253.87   20.90   73.14   -54.39  -102.53  146.03  353.80  257.56   59.96   27.10   11.99   -56.93
    1   23   -15.00    30.00    37.57236   137.58769    20.604     0.3325    -0.222200006     0.162500009     0.059700001     0.232500002     0.156399995    -0.040700000   20  109.13  248.28   21.30   73.57   -51.14  -103.74  139.14  349.18  252.24   59.18   27.31   13.17   -57.29
    1   24   -15.00    35.00    37.59820   137.63402    20.604     0.3656    -0.222000003     0.192800000     0.029200001     0.230900005     0.212699994    -0.042100001   20  111.17  241.50   22.92   74.69   -42.67  -107.27  128.88  345.21  246.19   56.92   27.68   16.64   -55.28
    1   25   -15.00    40.00    37.62405   137.68034    20.604     0.4105    -0.247199997     0.219699994     0.027500000     0.236599997     0.266299993    -0.038100000   20  106.99  236.26   22.78   75.11   -41.57  -107.44  123.70  340.16  240.87   56.47   28.06   16.84   -58.62
    1   26   -15.00    45.00    37.64989   137.72667    20.604     0.3940    -0.255199999     0.223899990     0.031300001     0.207100004     0.256999999    -0.011500000   20  100.52  233.61   23.66   73.34   -45.60  -107.04  120.41  336.99  238.63   58.26   26.42   16.31   -55.28
    1   27   -15.00    50.00    37.67573   137.77299    20.604     0.3758    -0.260600001     0.224000007     0.036600001     0.169900000     0.246600002     0.022100000   20   92.90  229.56   25.05   71.23   -49.48  -106.89  115.10  332.60  235.14   60.25   24.39   15.97   -49.93
    1   28   -15.00    55.00    37.70158   137.81932    20.604     0.3500    -0.254500002     0.213600010     0.040899999     0.138799995     0.232500002     0.031700000   20   89.81  227.39   26.36   69.90   -50.70  -107.43  111.29  330.69  233.55   61.23   22.99   16.34   -50.96
    1   29   -15.00    60.00    37.72742   137.86566    20.604     0.2813    -0.213400006     0.169000000     0.044399999     0.090200000     0.191900000     0.038500000   20   83.57  222.73   27.12   68.82   -52.43  -107.35  105.82  325.87  229.17   62.23   21.95   16.14   -52.25
    1   30   -15.00    65.00    37.75326   137.91199    20.604     0.1760    -0.139699996     0.104399994     0.035300002     0.044799998     0.116700001     0.035300002   20   78.40  219.60   28.70   66.89   -54.81  -107.51  100.72  322.69  226.66   63.86   20.04   16.07   -48.19
    2    1   -10.00   -80.00    37.03404   136.54189    17.736     0.0886     0.048400000     0.026799999    -0.075199999     0.044399999    -0.013200000    -0.036699999   20   51.66  164.10   58.72   57.87   141.51    37.82  108.06   17.49  198.52    0.51   48.01   41.98     6.76
    2    2   -10.00   -75.00    37.05988   136.58821    17.736     0.2413     0.184200004     0.018799990    -0.202999994     0.077600002    -0.024599999    -0.120499998   20   48.43  178.73   52.26   50.12   125.82    52.91  113.98   21.72  204.59    1.18   62.41   27.56   -22.97
    2    3   -10.00   -70.00    37.08573   136.63454    17.736     0.3304     0.254500002     0.031500012    -0.286000013     0.084700003     0.002800000    -0.182300001   20   45.65  182.18   52.80   46.28   119.81    56.77  115.02   16.97  206.54    3.51   66.38   23.33   -44.02
    2    4   -10.00   -65.00    37.11157   136.68088    17.736     0.4464     0.365700006     0.025399983    -0.391099989     0.051600002    -0.020600000    -0.257200003   20   38.61  192.33   46.79   46.33   108.68    71.17  115.52   24.53  205.58    0.24   76.50   13.50   -52.46
    2    5   -10.00   -60.00    37.13741   136.72720    17.736     0.5894     0.492900014     0.006499976    -0.499399990     0.022100000    -0.040199999    -0.352299988   20   34.18  200.33   44.18   46.67   100.02    80.40  297.11   37.27  206.95    1.26   82.92    6.97   -53.65
    2    6   -10.00   -55.00    37.16326   136.77353    17.736     0.7129     0.599399984    -0.015199959    -0.584200025     0.015900001    -0.059400000    -0.434300005   20   34.72  202.29   43.54   47.13    99.07    81.48  298.31   44.39  208.12    1.81   83.51    6.24   -52.39
    2    7   -10.00   -50.00    37.18910   136.81985    17.736     0.7877     0.649900019    -0.009299994    -0.640600026     0.031399999    -0.051800001    -0.501100004   20   36.59  201.39   44.41   46.60   100.98    79.43  298.85   37.00  208.70    1.10   82.26    7.66   -56.71
    2    8   -10.00   -45.00    37.21494   136.86618    17.736     0.8838     0.721099973    -0.010899961    -0.710200012     0.061299998    -0.051600002    -0.572899997   20   39.68  199.04   45.47   46.43   104.79    75.45  299.27   31.93  209.18    0.49   79.50   10.49   -57.38
    2    9   -10.00   -40.00    37.24079   136.91251    17.736     0.9938     0.799300015    -0.028600037    -0.770699978     0.137199998    -0.051199999    -0.647199988   20   45.61  194.34   47.94   46.55   112.14    67.33  120.16   27.67  210.37    0.73   73.74   16.25   -53.11
    2   10   -10.00   -35.00    37.26663   136.95885    17.736     1.0928     0.881399989    -0.057099998    -0.824299991     0.195899993    -0.028100001    -0.702700019   20   47.08  193.68   49.55   45.60   113.16    65.23  120.92   24.38  211.57    2.06   72.45   17.42   -48.64
    2   11   -10.00   -30.00    37.29247   137.00517    17.736     1.1392     0.914699972    -0.065799952    -0.848900020     0.235799998     0.015600000    -0.730199993   20   47.22  193.53   50.98   44.24   112.77    64.47  121.31   20.31  212.42    3.52   72.13   17.50   -47.89
    2   12   -10.00   -25.00    37.31832   137.05150    17.736     1.1519     0.897000015    -0.039200008    -0.857800007     0.294699997     0.049600001    -0.732500017   20   49.07  190.12   53.31   43.78   115.78    59.72  121.09   17.83  212.97    5.05   68.91   20.41   -46.80
    2   13   -10.00   -20.00    37.34416   137.09782    17.736     1.0756     0.809199989    -0.015699983    -0.793500006     0.298999995     0.070100002    -0.699500024   20   50.71  188.08   54.92   43.67   117.88    56.34  121.29   17.15  213.80    6.03   66.62   22.50   -49.46
    2   14   -10.00   -15.00    37.37000   137.14415    17.736     0.9359     0.675999999     0.009199977    -0.685199976     0.279500008     0.097800002    -0.622300029   20   51.81  186.12   56.83   43.10   119.28    53.20  121.40   15.47  214.76    7.43   64.58   24.16   -53.41
    2   15   -10.00   -10.00    37.39585   137.19049    17.736     0.7986     0.562200010     0.013000011    -0.575200021     0.247600004     0.127900004    -0.539499998   20   51.28  186.31   58.13   41.30   117.81    53.11  121.77   11.95  215.72    9.08   64.76   23.34   -57.73
    2   16   -10.00    -5.00    37.42169   137.23682    17.736     0.5918     0.381399989     0.029500008    -0.410899997     0.185200006     0.139699996    -0.432799995   20   53.23  183.97   60.88   40.48   119.46    48.56  122.46   10.78  217.86   11.17   61.88   25.45   -70.74
    2   17   -10.00     0.00    37.44753   137.28314    17.736     0.4086     0.215000004     0.038399994    -0.253399998     0.145699993     0.108999997    -0.324099988   20   64.88  173.66   70.23   48.15   134.85    27.01  124.03   20.04  226.28   13.45   45.31   41.58   -75.56
    2   18   -10.00     5.00    37.47338   137.32947    17.736     0.2778     0.096500002     0.034599997    -0.131099999     0.127499998     0.056000002    -0.221900001   20   73.65  171.29   79.43   54.54   143.83    13.02  127.16   26.36  239.56   16.29   32.68   52.52   -52.53
    2   19   -10.00    10.00    37.49922   137.37579    17.736     0.1548     0.016000001     0.032899998    -0.048900001     0.085600004     0.054299999    -0.115400001   20  257.76  166.88   88.85   52.42  -142.42    -1.45  129.02   25.82  259.25   26.45   24.65   52.40   -50.56
    2   20   -10.00    15.00    37.52506   137.42213    17.736     0.1575    -0.102300003     0.082600005     0.019700000     0.108900003     0.065700002    -0.038899999   20  130.35  258.32   28.40   71.60   -41.58  -112.02  138.57    5.12  265.59   57.69   23.50   20.84   -52.68
    2   21   -10.00    20.00    37.55091   137.46846    17.736     0.3138    -0.111000001     0.116800003    -0.005800000     0.240799993     0.139100000    -0.115800001   20  146.85  255.45   28.46   80.19   -20.94  -116.85  137.00    7.10  260.37   47.91   30.08   26.42   -47.20
    2   22   -10.00    25.00    37.57675   137.51479    17.736     0.4507    -0.118799999     0.151099995    -0.032299999     0.341800004     0.213000000    -0.184599996   20  150.56  253.48   29.54   82.78   -14.77  -118.72  134.89    7.03  257.42   44.75   31.76   28.47   -49.48
    2   23   -10.00    30.00    37.60259   137.56111    17.736     0.5364    -0.128000006     0.192200005    -0.064199999     0.390599996     0.278499991    -0.219500005   20  149.23  250.59   30.24   83.45   -13.09  -119.59  131.68    4.91  254.29   43.75   32.02   29.38   -52.03
    2   24   -10.00    35.00    37.62844   137.60744    17.736     0.6050    -0.134800002     0.244300008    -0.109499998     0.406100005     0.365900010    -0.231500000   20  145.03  245.21   30.24   84.12   -11.74  -119.71  126.52  359.79  248.56   43.11   32.58   29.54   -57.76
    2   25   -10.00    40.00    37.65428   137.65376    17.736     0.6524    -0.172199994     0.296099991    -0.123899996     0.399100006     0.448500007    -0.211799994   20  137.92  239.91   28.75   83.50   -13.62  -118.07  122.14  353.19  243.37   44.43   32.67   27.87   -63.80
    2   26   -10.00    45.00    37.68012   137.70010    17.736     0.6366    -0.222000003     0.329800010    -0.107799999     0.357699990     0.459800005    -0.157399997   20  130.02  236.97   28.48   81.01   -19.12  -117.14  118.72  349.01  241.55   47.05   30.74   26.78   -63.75
    2   27   -10.00    50.00    37.70597   137.74643    17.736     0.5920    -0.243499994     0.337099999    -0.093599997     0.284599990     0.457800001    -0.093000002   20  120.95  231.61   28.06   79.35   -23.13  -116.12  113.29  342.58  236.79   49.00   29.56   25.63   -65.03
    2   28   -10.00    55.00    37.73181   137.79276    17.736     0.5211    -0.251599997     0.320299983    -0.068700001     0.210600004     0.414499998    -0.045400001   20  114.39  228.91   29.48   76.80   -27.65  -116.60  108.71  339.72  235.43   50.99   27.00   25.84   -66.12
    2   29   -10.00    60.00    37.75765   137.83908    17.736     0.4059    -0.228000000     0.258500010    -0.030500000     0.134599999     0.326700002    -0.006800000   20  106.75  225.81   29.95   74.36   -32.68  -115.88  104.60  335.71  233.26   53.44   24.96   24.85   -67.02
    2   30   -10.00    65.00    37.78350   137.88541    17.736     0.2571    -0.174600005     0.163900003     0.010700000     0.069499999     0.199399993     0.016600000   20   95.33  222.63   29.51   71.07   -41.20  -113.07  101.44  330.11  230.50   57.65   22.70   21.76   -65.22
    3    1    -5.00   -80.00    37.06427   136.51532    14.868     0.1581     0.124600001     0.016500004    -0.141100004     0.044100001    -0.012300000    -0.074199997   20   44.11  178.95   50.87   49.08   122.41    56.62  111.84   19.73  202.29    0.97   65.41   24.57   -29.45
    3    2    -5.00   -75.00    37.09012   136.56165    14.868     0.3903     0.335399985    -0.002999991    -0.332399994     0.068499997    -0.032099999    -0.196300000   20   40.19  189.81   47.10   47.12   111.75    68.26  295.00   25.04  205.00    0.01   74.25   15.75   -31.70
    3    3    -5.00   -70.00    37.11596   136.60797    14.868     0.6267     0.546899974    -0.029399991    -0.517499983     0.083999999    -0.058699999    -0.328399986   20   39.54  193.96   45.80   47.15   108.46    71.96  296.61   29.57  206.44    0.69   76.86   13.12   -32.83
    3    4    -5.00   -65.00    37.14180   136.65430    14.868     0.8862     0.783999979    -0.066599965    -0.717400014     0.057100002    -0.088900000    -0.479400009   20   36.49  199.56   43.96   47.31   102.36    78.34  297.78   38.92  207.53    1.70   81.29    8.55   -35.68
    3    5    -5.00   -60.00    37.16765   136.70062    14.868     1.1155     0.989199996    -0.107800007    -0.881399989     0.001700000    -0.138899997    -0.616599977   20   34.17  203.98   42.12   48.33    97.60    83.18  298.80   60.21  208.53    3.12   84.03    5.09   -36.97
    3    6    -5.00   -55.00    37.19349   136.74695    14.868     1.2934     1.139400005    -0.135300040    -1.004099965    -0.020300001    -0.157499999    -0.738399982   20   33.88  205.88   41.88   48.40    95.98    84.67  299.65   68.88  209.42    3.27   84.84    3.99   -39.42
    3    7    -5.00   -50.00    37.21933   136.79329    14.868     1.4363     1.256600022    -0.149900079    -1.106699944    -0.025300000    -0.164900005    -0.840099990   20   34.02  206.53   42.02   48.23    95.58    84.99  300.07   69.76  209.87    3.11   85.14    3.73   -41.72
    3    8    -5.00   -45.00    37.24518   136.83961    14.868     1.5941     1.384999990    -0.165599942    -1.219400048     0.026799999    -0.159199998    -0.954500020   20   36.57  204.78   43.08   47.52    98.67    81.98  300.44   51.06  210.21    2.23   83.68    5.91   -43.30
    3    9    -5.00   -40.00    37.27102   136.88594    14.868     1.7356     1.491799951    -0.176799893    -1.315000057     0.129500002    -0.116400003    -1.062600017   20   40.00  201.92   45.18   46.28   102.96    77.28  300.87   34.32  210.78    0.56   80.83    9.16   -44.27
    3   10    -5.00   -35.00    37.29686   136.93227    14.868     1.8692     1.603600025    -0.210500002    -1.393100023     0.228200004    -0.083300002    -1.138900042   20   42.49  199.94   46.86   45.41   105.85    73.75  121.35   27.72  211.50    0.74   78.48   11.50   -41.52
    3   11    -5.00   -30.00    37.32271   136.97859    14.868     1.9373     1.646600008    -0.210600019    -1.435999990     0.313300014    -0.036400001    -1.178099990   20   44.00  198.10   48.46   44.57   107.85    70.92  121.48   23.07  211.95    2.00   76.58   13.26   -40.54
    3   12    -5.00   -25.00    37.34855   137.02493    14.868     1.9255     1.606699944    -0.186299920    -1.420400023     0.385300010    -0.003000000    -1.175699949   20   45.89  195.71   50.01   44.14   110.49    67.35  121.53   20.77  212.38    3.04   74.13   15.56   -40.36
    3   13    -5.00   -20.00    37.37439   137.07126    14.868     1.8141     1.494300008    -0.169100046    -1.325199962     0.387499988     0.014000000    -1.124799967   20   46.92  194.99   50.71   43.95   111.53    65.84  121.85   20.17  212.89    3.52   73.11   16.50   -41.64
    3   14    -5.00   -15.00    37.40024   137.11758    14.868     1.6360     1.345000029    -0.157600045    -1.187399983     0.343100011     0.037799999    -1.027400017   20   46.50  195.90   50.85   43.40   110.47    66.75  122.15   18.74  213.23    3.86   73.77   15.74   -43.57
    3   15    -5.00   -10.00    37.42608   137.16391    14.868     1.4402     1.176399946    -0.150299907    -1.026100039     0.326299995     0.052200001    -0.908900023   20   47.35  195.75   51.61   42.93   110.91    65.75  122.69   17.63  214.01    4.51   73.11   16.24   -43.14
    3   16    -5.00    -5.00    37.45192   137.21024    14.868     1.2607     1.039600015    -0.183300018    -0.856299996     0.309500009     0.022900000    -0.787599981   20   49.42  196.37   51.84   43.16   111.90    64.61  124.08   19.70  215.47    4.53   72.32   17.05   -37.56
    3   17    -5.00     0.00    37.47777   137.25656    14.868     1.0061     0.816500008    -0.180400014    -0.636099994     0.277999997    -0.006300000    -0.640100002   20   53.42  195.86   52.75   43.81   114.96    60.97  126.00   23.05  217.69    4.72   69.77   19.63   -34.31
    3   18    -5.00     5.00    37.50361   137.30290    14.868     0.6969     0.543200016    -0.133600026    -0.409599990     0.214800000     0.007700000    -0.463600010   20   56.62  195.16   54.64   43.44   117.08    57.32  127.74   23.22  220.14    5.98   67.32   21.80   -37.68
    3   19    -5.00    10.00    37.52945   137.34923    14.868     0.3176     0.227599993    -0.046199992    -0.181400001     0.101300001     0.023800001    -0.231600001   20   58.63  192.05   57.33   43.02   119.71    52.31  127.92   21.68  221.52    7.77   63.99   24.66   -52.86
    3   20    -5.00    15.00    37.55529   137.39555    14.868     0.2192    -0.001000000     0.062299997    -0.061299998     0.143800005     0.097999997    -0.130199999   20  252.95  160.90   88.21   41.10  -131.07    -2.72  129.00   15.65  254.50   33.70   30.72   41.04   -50.50
    3   21    -5.00    20.00    37.58114   137.44188    14.868     0.4385     0.076499999     0.075100005    -0.151600003     0.280800015     0.193499997    -0.273000002   20   68.67  165.95   84.32   38.11   127.75     9.23  128.97   12.40  244.29   29.10   38.78   37.53   -56.70
    3   22    -5.00    25.00    37.60698   137.48820    14.868     0.6398     0.173099995     0.076800004    -0.249899998     0.392199993     0.281800002    -0.406100005   20   65.42  169.21   80.09   36.24   125.04    16.93  128.41    9.65  238.54   26.65   43.79   34.44   -59.85
    3   23    -5.00    30.00    37.63282   137.53455    14.868     0.7784     0.237599999     0.100899994    -0.338499993     0.451900005     0.368099988    -0.492100000   20   62.14  169.33   78.33   34.96   123.19    20.67  126.66    6.20  234.61   25.88   46.26   32.42   -64.26
    3   24    -5.00    35.00    37.65867   137.58087    14.868     0.8567     0.253800005     0.157999992    -0.411799997     0.468100011     0.459100008    -0.521399975   20   58.25  166.70   78.20   33.44   121.52    21.78  123.87    1.27  231.10   26.45   47.28   30.78   -69.49
    3   25    -5.00    40.00    37.68451   137.62720    14.868     0.8737     0.207300007     0.222299993    -0.429600000     0.448799998     0.555499971    -0.493499994   20   53.37  162.38   79.33   30.04   118.24    21.70  120.93  353.37  227.69   28.77   47.99   27.71   -76.65
    3   26    -5.00    45.00    37.71035   137.67352    14.868     0.8437     0.155000001     0.273099989    -0.428099990     0.405400008     0.596300006    -0.426800013   20   48.87  157.63   80.49   27.52   115.95    20.96  117.78  346.45  224.27   30.68   48.07   25.57   -79.47
    3   27    -5.00    50.00    37.73620   137.71985    14.868     0.7550     0.100900002     0.299500018    -0.400400013     0.311800003     0.595499992    -0.335399985   20  153.98   41.38   23.23   80.64    24.36   111.35  113.64  334.94  217.74   32.33   49.89   21.05   -84.98
    3   28    -5.00    55.00    37.76204   137.76619    14.868     0.6208     0.055399999     0.284500003    -0.339899987     0.220799997     0.521799982    -0.233300000   20  149.43   36.03   20.91   81.37    24.86   109.12  109.87  327.17  213.05   33.67   50.05   18.90   -87.20
    3   29    -5.00    60.00    37.78788   137.81252    14.868     0.4567    -0.003000000     0.234400004    -0.231399998     0.145500004     0.405999988    -0.142700002   20  139.70   34.56   20.61   84.39    16.12   109.86  107.21  325.18  212.54   36.35   46.97   19.76   -89.54
    3   30    -5.00    65.00    37.81373   137.85884    14.868     0.2448    -0.031099999     0.141800001    -0.110699996     0.068999998     0.224900007    -0.061099999   20  128.52  220.56   28.60   88.89    -2.32  -118.58  104.60  335.75  221.16   39.38   37.38   28.57   -91.55
    4    1     0.00   -80.00    37.09451   136.48874    12.000     0.2963     0.267500013    -0.023300007    -0.244200006     0.036200002    -0.032099999    -0.143800005   20   37.57  195.05   44.89   47.38   106.37    74.32  296.07   32.30  205.82    1.27   78.45   11.47   -24.16
    4    2     0.00   -75.00    37.12035   136.53506    12.000     0.6325     0.577700019    -0.069999993    -0.507700026     0.051600002    -0.090000004    -0.308600008   20   37.10  197.81   43.26   48.39   104.30    76.92  297.03   41.83  206.58    2.60   79.91    9.74   -22.25
    4    3     0.00   -70.00    37.14619   136.58139    12.000     1.0135     0.927800000    -0.135900021    -0.791899979     0.056400001    -0.143399999    -0.512199998   20   37.08  200.53   42.80   48.41   102.30    78.84  298.41   47.08  207.99    2.84   81.20    8.32   -23.59
    4    4     0.00   -65.00    37.17204   136.62773    12.000     1.4129     1.296900034    -0.217599988    -1.079300046     0.022500001    -0.216900006    -0.725399971   20   36.16  203.38   41.74   48.97    99.61    81.53  299.37   58.90  208.97    3.64   82.65    6.38   -24.09
    4    5     0.00   -60.00    37.19788   136.67406    12.000     1.7136     1.561100006    -0.271600008    -1.289499998    -0.034600001    -0.287299991    -0.900200009   20   35.29  205.49   40.74   49.67    97.46    83.62  300.01   72.50  209.63    4.48   83.38    4.86   -26.57
    4    6     0.00   -55.00    37.22372   136.72038    12.000     1.9566     1.769400001    -0.309000015    -1.460399985    -0.061400000    -0.313600004    -1.058200002   20   35.00  206.70   40.72   49.58    96.31    84.60  300.53   77.56  210.21    4.44   83.94    4.11   -29.56
    4    7     0.00   -50.00    37.24957   136.76671    12.000     2.1692     1.950799942    -0.345999956    -1.604799986    -0.052499998    -0.324999988    -1.205000043   20   35.75  206.92   41.12   49.21    96.68    84.20  301.03   73.66  210.72    4.06   84.02    4.39   -31.79
    4    8     0.00   -45.00    37.27541   136.81303    12.000     2.3733     2.123100042    -0.373700023    -1.749400020     0.009900000    -0.301299989    -1.354200006   20   37.24  206.09   42.23   48.32    98.30    82.53  301.37   60.03  211.07    3.06   83.64    5.57   -34.01
    4    9     0.00   -40.00    37.30125   136.85938    12.000     2.5572     2.273499966    -0.392499924    -1.881000042     0.119800001    -0.228799999    -1.494400024   20   38.94  204.75   43.97   46.92   100.32    80.20  301.66   43.35  211.48    1.49   82.70    7.14   -35.94
    4   10     0.00   -35.00    37.32710   136.90570    12.000     2.7060     2.392199993    -0.417999983    -1.974200010     0.254500002    -0.175300002    -1.592700005   20   41.26  202.73   45.62   45.91   103.20    76.87  301.97   32.87  211.94    0.15   80.61    9.39   -35.40
    4   11     0.00   -30.00    37.35294   136.95203    12.000     2.7965     2.454499960    -0.425199986    -2.029299974     0.375200003    -0.147000000    -1.642899990   20   43.26  200.59   46.91   45.39   105.93    73.65  122.07   28.29  212.23    0.78   78.41   11.56   -34.02
    4   12     0.00   -25.00    37.37878   136.99835    12.000     2.7779     2.420799971    -0.408200026    -2.012599945     0.440200001    -0.108099997    -1.633900046   20   44.20  199.39   47.84   44.92   107.23    71.88  122.10   25.49  212.44    1.49   77.22   12.69   -33.80
    4   13     0.00   -20.00    37.40462   137.04468    12.000     2.6432     2.289999962    -0.392399907    -1.897600055     0.448900014    -0.091799997    -1.568199992   20   45.05  198.98   48.29   44.78   108.03    70.85  122.40   24.86  212.83    1.80   76.51   13.36   -34.09
    4   14     0.00   -15.00    37.43047   137.09100    12.000     2.4295     2.104500055    -0.379400015    -1.725100040     0.417299986    -0.096500002    -1.446900010   20   45.65  199.09   48.29   44.90   108.39    70.50  122.75   25.61  213.17    1.74   76.26   13.62   -33.60
    4   15     0.00   -10.00    37.45631   137.13734    12.000     2.2018     1.910799980    -0.379199982    -1.531599998     0.421700001    -0.092399999    -1.299700022   20   46.99  198.74   48.81   44.81   109.48    69.14  123.34   25.44  213.87    2.06   75.31   14.53   -30.35
    4   16     0.00    -5.00    37.48215   137.18367    12.000     1.9157     1.684399962    -0.408399940    -1.276000023     0.360799998    -0.092100002    -1.128800035   20   47.89  200.79   48.60   44.72   108.70    70.02  124.78   26.79  215.27    1.99   75.94   13.91   -27.29
    4   17     0.00     0.00    37.50800   137.23000    12.000     1.5707     1.380800009    -0.393400013    -0.987399995     0.319299996    -0.123400003    -0.926900029   20   50.97  201.03   48.68   45.41   110.82    67.99  126.40   30.31  216.87    1.70   74.42   15.48   -22.96
    4   18     0.00     5.00    37.53384   137.27632    12.000     1.1218     0.976800025    -0.304200053    -0.672599971     0.246299997    -0.106200002    -0.670099974   20   53.49  200.89   49.13   45.76   112.70    65.96  127.64   31.91  218.18    1.76   72.94   16.97   -21.45
    4   19     0.00    10.00    37.55968   137.32265    12.000     0.5327     0.454400003    -0.127700001    -0.326700002     0.109800003     0.001000000    -0.339399993   20   49.97  202.97   50.24   43.04   108.05    69.57  127.29   22.56  218.20    3.70   75.71   13.78   -35.91
    4   20     0.00    15.00    37.58553   137.36899    12.000     0.3352     0.175600007    -0.000900000    -0.174700007     0.159899995     0.096100003    -0.239899993   20   62.01  179.79   68.94   39.57   124.31    34.35  127.39   13.54  228.23   16.91   53.05   31.73   -60.41
    4   21     0.00    20.00    37.61137   137.41531    12.000     0.6503     0.379000008    -0.026400000    -0.352600008     0.276400000     0.222900003    -0.462599993   20   54.34  187.83   64.88   34.26   114.10    48.94  126.81    2.59  223.59   16.52   62.20   21.70   -67.08
    4   22     0.00    25.00    37.63721   137.46164    12.000     0.9391     0.597999990    -0.069099963    -0.528900027     0.366600007     0.303299993    -0.656099975   20   50.79  193.48   62.22   33.51   109.55    57.57  126.60  357.69  221.39   15.07   66.79   17.22   -63.99
    4   23     0.00    30.00    37.66306   137.50797    12.000     1.1506     0.750100017    -0.071099997    -0.679000020     0.418799996     0.395700008    -0.789799988   20   46.81  196.71   61.27   32.35   105.57    63.91  125.48  349.76  219.18   14.92   69.58   13.61   -64.42
    4   24     0.00    35.00    37.68890   137.55429    12.000     1.2891     0.859600008    -0.042299986    -0.817300022     0.421000004     0.480100006    -0.856400013   20   41.22  200.54   60.41   31.26   100.56    72.12  123.52  336.72  215.96   14.79   72.49    9.17   -64.44
    4   25     0.00    40.00    37.71474   137.60062    12.000     1.2949     0.834399998     0.028800011    -0.863200009     0.393099993     0.558799982    -0.833199978   20   35.62  203.62   61.11   29.43    95.87    79.51  121.31  320.14  212.78   15.91   73.24    5.13   -67.25
    4   26     0.00    45.00    37.74059   137.64696    12.000     1.2502     0.793900013     0.080299973    -0.874199986     0.341199994     0.597999990    -0.758400023   20   29.82  207.46   61.71   28.31    91.12    87.93  118.99  302.56  209.29   16.71   73.26    0.98   -66.54
    4   27     0.00    50.00    37.76643   137.69328    12.000     1.1478     0.706499994     0.118900001    -0.825399995     0.259299994     0.617399991    -0.647599995   20   22.18  214.73   63.03   27.53    84.24   101.16  116.46  279.33   24.80   17.84   71.39    5.13   -64.81
    4   28     0.00    55.00    37.79227   137.73961    12.000     0.9755     0.582099974     0.127499998    -0.709599972     0.172199994     0.573300004    -0.505699992   20   15.85  220.25   64.63   27.51    79.00   111.92  114.05  264.29   20.61   18.92   68.46    9.93   -60.83
    4   29     0.00    60.00    37.81812   137.78593    12.000     0.7267     0.406899989     0.113000035    -0.519900024     0.107299998     0.465400010    -0.348199993   20   11.76  223.60   66.71   26.87    76.21   118.99  112.13  257.72   17.30   20.56   65.55   12.65   -58.04
    4   30     0.00    65.00    37.84396   137.83226    12.000     0.3858     0.203700006     0.072499990    -0.276199996     0.047499999     0.259900004    -0.173800007   20    8.56  225.38   68.17   26.58    74.45   123.80  110.33  253.37   14.47   21.68   63.55   14.41   -57.66
    5    1     5.00   -80.00    37.12474   136.46217     9.132     0.4642     0.438800007    -0.078900009    -0.359899998     0.006000000    -0.071400002    -0.217199996   20   34.13  203.12   41.55   48.98    98.29    82.72  298.27   62.34  207.91    3.73   83.36    5.48   -14.73
    5    2     5.00   -75.00    37.15059   136.50850     9.132     0.9176     0.861800015    -0.158699989    -0.703100026     0.006700000    -0.177599996    -0.427300006   20   35.26  202.45   40.55   50.16    99.80    81.71  298.32   65.31  207.78    4.83   82.00    6.36   -13.80
    5    3     5.00   -70.00    37.17643   136.55482     9.132     1.4139     1.322199941    -0.255599976    -1.066599965     0.002300000    -0.266499996    -0.680199981   20   35.91  203.51   40.62   50.04    99.47    81.96  299.20   66.56  208.69    4.74   82.23    6.15   -15.81
    5    4     5.00   -65.00    37.20227   136.60115     9.132     1.9119     1.781900048    -0.370400071    -1.411499977    -0.041000001    -0.378600001    -0.937399983   20   36.01  205.17   40.01   50.50    98.34    83.05  300.10   74.38  209.60    5.27   82.48    5.35   -16.70
    5    5     5.00   -60.00    37.22812   136.64748     9.132     2.2830     2.110399961    -0.443099976    -1.667299986    -0.088900000    -0.445699990    -1.154899955   20   35.75  206.56   39.77   50.59    97.08    84.14  300.72   80.66  210.29    5.42   82.93    4.53   -19.95
    5    6     5.00   -55.00    37.25396   136.69380     9.132     2.6315     2.421999931    -0.515199900    -1.906800032    -0.110299997    -0.491699994    -1.363100052   20   35.91  207.29   39.93   50.39    96.63    84.48  301.20   81.96  210.81    5.24   83.24    4.25   -22.07
    5    7     5.00   -50.00    37.27980   136.74014     9.132     2.9255     2.683300018    -0.578999996    -2.104300022    -0.090700001    -0.495000005    -1.559499979   20   36.61  207.57   40.57   49.78    96.89    84.14  301.73   77.48  211.36    4.62   83.56    4.47   -24.39
    5    8     5.00   -45.00    37.30564   136.78647     9.132     3.1572     2.882299900    -0.616799831    -2.265500069    -0.025599999    -0.472700000    -1.728299975   20   37.72  207.03   41.48   49.02    98.05    82.94  302.02   67.27  211.67    3.78   83.46    5.32   -26.73
    5    9     5.00   -40.00    37.33149   136.83279     9.132     3.3538     3.045799971    -0.636399984    -2.409399986     0.096900001    -0.402399987    -1.880800009   20   39.13  205.84   42.92   47.85    99.81    80.99  302.20   52.53  211.91    2.48   82.88    6.67   -28.86
    5   10     5.00   -35.00    37.35733   136.87912     9.132     3.5025     3.161099911    -0.653100014    -2.507999897     0.253800005    -0.342400014    -1.990599990   20   41.16  204.00   44.40   46.90   102.44    78.09  302.39   40.63  212.20    1.26   81.24    8.67   -29.36
    5   11     5.00   -30.00    37.38317   136.92545     9.132     3.5746     3.207700014    -0.657599926    -2.550100088     0.376700014    -0.296099991    -2.042599916   20   42.65  202.54   45.52   46.28   104.39    75.80  302.53   34.65  212.46    0.38   79.78   10.21   -29.12
    5   12     5.00   -25.00    37.40902   136.97179     9.132     3.5378     3.159600019    -0.635900021    -2.523699999     0.446000010    -0.227799997    -2.031100035   20   43.19  201.83   46.41   45.63   105.09    74.70  122.58   30.52  212.66    0.40   79.12   10.87   -29.54
    5   13     5.00   -20.00    37.43486   137.01811     9.132     3.4014     3.033999920    -0.622699976    -2.411299944     0.468499988    -0.211300001    -1.952000022   20   43.89  201.41   46.77   45.49   105.82    73.83  122.77   29.57  212.90    0.65   78.52   11.46   -28.76
    5   14     5.00   -15.00    37.46070   137.06444     9.132     3.1614     2.810699940    -0.595000029    -2.215699911     0.472900003    -0.213200003    -1.820099950   20   45.04  200.85   47.03   45.60   107.02    72.55  123.09   29.75  213.26    0.73   77.61   12.37   -27.92
    5   15     5.00   -10.00    37.48655   137.11076     9.132     2.8708     2.562400103    -0.575700045    -1.986700058     0.444299996    -0.185800001    -1.646600008   20   45.43  201.25   47.21   45.42   106.97    72.50  123.52   29.34  213.73    0.92   77.60   12.37   -26.44
    5   16     5.00    -5.00    37.51239   137.15709     9.132     2.4349     2.171299934    -0.546199918    -1.625100017     0.385500014    -0.163399994    -1.418900013   20   46.84  202.20   47.37   45.37   107.26    72.13  124.73   30.17  214.96    1.02   77.35   12.61   -26.15
    5   17     5.00     0.00    37.53823   137.20343     9.132     1.9569     1.738100052    -0.488800049    -1.249300003     0.333600014    -0.168699995    -1.152099967   20   49.36  202.25   47.53   45.80   109.06    70.36  126.00   32.41  216.23    0.89   76.03   13.94   -24.24
    5   18     5.00     5.00    37.56408   137.24976     9.132     1.4024     1.245800018    -0.382499993    -0.863300025     0.247999996    -0.149900004    -0.824699998   20   51.22  202.45   47.48   46.29   110.36    69.22  126.98   34.65  217.14    0.62   75.13   14.86   -21.54
    5   19     5.00    10.00    37.58992   137.29608     9.132     0.7225     0.649100006    -0.201200008    -0.447899997     0.116099998    -0.064000003    -0.422600001   20   49.59  204.05   47.21   45.73   107.98    71.55  126.98   33.72  217.15    0.76   76.88   13.10   -22.26
    5   20     5.00    15.00    37.61576   137.34241     9.132     0.5232     0.408699989    -0.093999982    -0.314700007     0.134499997     0.091200002    -0.359800011   20   46.67  204.22   54.56   37.60   103.47    71.88  127.08  359.56  218.76    8.64   75.99   10.94   -53.50
    5   21     5.00    20.00    37.64161   137.38873     9.132     0.9975     0.794600010    -0.183499992    -0.611100018     0.232500002     0.183699995    -0.674499989   20   43.85  207.07   53.90   37.30   100.08    76.51  126.66  351.37  217.87    8.39   78.28    8.13   -52.13
    5   22     5.00    25.00    37.66745   137.43506     9.132     1.4038     1.132300019    -0.261500001    -0.870800018     0.285200000     0.290399998    -0.938199997   20   40.07  211.13   53.49   36.84    95.35    82.83  126.25  333.85  216.89    8.35   80.59    4.29   -51.59
    5   23     5.00    30.00    37.69329   137.48140     9.132     1.7265     1.414600015    -0.305099964    -1.109500051     0.322100013     0.357199997    -1.123200059   20   38.21  211.53   53.12   37.07    94.02    84.66  125.34  327.42  215.79    8.04   81.33    3.21   -49.04
    5   24     5.00    35.00    37.71914   137.52773     9.132     1.9531     1.615800023    -0.304000020    -1.311800003     0.319200009     0.440899998    -1.228199959   20   34.73  212.80   53.09   36.92    91.16    88.46  123.90  310.53  214.04    8.09   81.86    0.93   -46.94
    5   25     5.00    40.00    37.74498   137.57405     9.132     2.0179     1.675799966    -0.263599992    -1.412199974     0.289600015     0.491299987    -1.229900002   20   31.64  213.48   53.21   36.80    88.90    91.47  122.43  296.23   32.30    8.20   81.75    0.88   -45.59
    5   26     5.00    45.00    37.77082   137.62038     9.132     1.9862     1.666100025    -0.230000019    -1.436100006     0.214499995     0.529699981    -1.155099988   20   27.43  215.62   53.39   36.89    85.10    96.56  120.93  275.16   30.36    8.27   80.83    3.93   -41.81
    5   27     5.00    50.00    37.79667   137.66670     9.132     1.8361     1.529199958    -0.174099922    -1.355100036     0.141499996     0.570299983    -1.019400001   20   22.97  218.10   54.44   36.52    81.07   102.26  119.35  259.96   28.19    9.04   78.37    7.26   -38.65
    5   28     5.00    55.00    37.82251   137.71304     9.132     1.5575     1.278900027    -0.120100021    -1.158800006     0.073700003     0.556699991    -0.825100005   20   18.96  220.47   55.81   36.14    77.51   107.66  117.89  251.12   26.06   10.00   75.56   10.31   -34.95
    5   29     5.00    60.00    37.84835   137.75937     9.132     1.1425     0.910300016    -0.065200031    -0.845099986     0.042900000     0.469500005    -0.584699988   20   16.24  222.18   57.63   35.18    75.40   111.69  116.72  248.56   24.18   11.50   73.04   12.29   -33.30
    5   30     5.00    65.00    37.87420   137.80569     9.132     0.6217     0.474099994    -0.024499983    -0.449600011     0.026900001     0.293000013    -0.308699995   20   14.49  223.68   59.80   33.69    74.30   114.94  115.83  249.05   22.53   13.46   70.74   13.52   -32.67
    6    1    10.00   -80.00    37.15497   136.43559     6.264     0.6335     0.604799986    -0.130999982    -0.473800004    -0.026200000    -0.124799997    -0.286399990   20   33.37  205.83   39.59   50.66    95.82    85.20  299.23   85.28  208.87    5.55   83.32    3.71    -8.91
    6    2    10.00   -75.00    37.18082   136.48192     6.264     1.2001     1.136500001    -0.241299987    -0.895200014    -0.027899999    -0.251500010    -0.551100016   20   34.95  204.52   39.64   50.83    98.06    83.37  299.23   76.56  208.72    5.62   82.38    5.13   -10.31
    6    3    10.00   -70.00    37.20666   136.52824     6.264     1.7921     1.691499949    -0.370599985    -1.320899963    -0.049800001    -0.379299998    -0.837700009   20   35.50  205.11   39.54   50.93    98.05    83.41  299.79   77.71  209.27    5.72   82.32    5.11   -11.29
    6    4    10.00   -65.00    37.23250   136.57458     6.264     2.3208     2.176800013    -0.492799997    -1.684000015    -0.093800001    -0.486600012    -1.119099975   20   35.80  206.36   39.39   50.99    97.32    84.03  300.60   81.79  210.13    5.82   82.55    4.64   -13.77
    6    5    10.00   -60.00    37.25835   136.62091     6.264     2.7530     2.565099955    -0.584399939    -1.980700016    -0.132699996    -0.563899994    -1.365100026   20   35.90  207.22   39.39   50.94    96.73    84.50  301.12   84.50  210.69    5.79   82.80    4.27   -16.52
    6    6    10.00   -55.00    37.28419   136.66724     6.264     3.1752     2.949300051    -0.684800148    -2.264499903    -0.145899996    -0.624400020    -1.610000014   20   36.40  207.68   39.64   50.68    96.74    84.45  301.62   83.59  211.20    5.54   82.99    4.29   -18.23
    6    7    10.00   -50.00    37.31003   136.71356     6.264     3.5367     3.280200005    -0.776099920    -2.504100084    -0.135000005    -0.655300021    -1.828500032   20   37.01  207.92   40.07   50.28    96.98    84.16  302.06   80.60  211.65    5.12   83.18    4.49   -19.56
    6    8    10.00   -45.00    37.33588   136.75989     6.264     3.7913     3.503099918    -0.822599888    -2.680500031    -0.072300002    -0.627499998    -2.013600111   20   37.82  207.64   40.91   49.54    97.73    83.35  302.35   72.73  211.96    4.33   83.34    5.06   -22.01
    6    9    10.00   -40.00    37.36172   136.80623     6.264     3.9830     3.664900064    -0.841500044    -2.823400021     0.048099998    -0.574599981    -2.160599947   20   39.05  206.54   42.04   48.65    99.36    81.66  302.44   60.31  212.07    3.33   82.92    6.25   -23.90
    6   10    10.00   -35.00    37.38756   136.85255     6.264     4.1268     3.777299881    -0.858699799    -2.918600082     0.201299995    -0.508599997    -2.279900074   20   40.70  205.18   43.31   47.75   101.42    79.43  302.65   48.53  212.34    2.24   81.88    7.81   -25.08
    6   11    10.00   -30.00    37.41341   136.89888     6.264     4.1927     3.823800087    -0.869100094    -2.954699993     0.333400011    -0.448199987    -2.334300041   20   42.02  204.04   44.38   47.05   103.06    77.53  302.83   41.21  212.61    1.35   80.80    9.10   -25.08
    6   12    10.00   -25.00    37.43925   136.94521     6.264     4.1570     3.771899939    -0.843199968    -2.928699970     0.431899995    -0.376599997    -2.331700087   20   42.87  203.10   45.31   46.43   104.19    76.08  302.89   36.11  212.79    0.57   79.95   10.04   -25.58
    6   13    10.00   -20.00    37.46509   136.99153     6.264     4.0006     3.626399994    -0.813899994    -2.812500000     0.463099986    -0.325800002    -2.245300055   20   43.24  202.79   45.78   46.08   104.58    75.50  302.99   33.82  212.96    0.15   79.61   10.39   -25.32
    6   14    10.00   -15.00    37.49094   137.03786     6.264     3.7508     3.398999929    -0.782899857    -2.616100073     0.472000003    -0.334399998    -2.097199917   20   44.18  202.23   45.91   46.24   105.66    74.42  303.17   34.02  213.14    0.17   78.82   11.18   -23.82
    6   15    10.00   -10.00    37.51678   137.08420     6.264     3.4106     3.092400074    -0.741600037    -2.350800037     0.453700006    -0.305999994    -1.908100009   20   44.89  202.25   46.11   46.18   106.12    73.90  303.56   33.74  213.56    0.04   78.46   11.54   -22.83
    6   16    10.00    -5.00    37.54262   137.13052     6.264     2.9591     2.693099976    -0.688999891    -2.004100084     0.394499987    -0.254999995    -1.659100056   20   45.28  203.09   46.21   46.00   105.76    74.18  124.20   33.67  214.23    0.11   78.69   11.31   -21.99
    6   17    10.00     0.00    37.56847   137.17685     6.264     2.3890     2.174400091    -0.596000075    -1.578400016     0.335999995    -0.217099994    -1.345999956   20   46.53  203.40   46.38   46.02   106.42    73.48  125.00   34.13  215.04    0.18   78.19   11.81   -20.80
    6   18    10.00     5.00    37.59431   137.22318     6.264     1.6866     1.534700036    -0.448800087    -1.085899949     0.241799995    -0.169000000    -0.955500007   20   47.75  203.80   46.36   46.22   107.04    72.91  125.79   35.45  215.81    0.08   77.75   12.25   -19.82
    6   19    10.00    10.00    37.62015   137.26950     6.264     0.8515     0.778699994    -0.237299979    -0.541400015     0.097400002    -0.096699998    -0.484299988   20   47.28  205.36   45.39   46.76   105.79    74.58  306.19   39.74  216.05    0.70   78.81   11.17   -20.39
    6   20    10.00    15.00    37.64600   137.31584     6.264     0.7322     0.642199993    -0.196399987    -0.445800006     0.107699998     0.041600000    -0.463999987   20   44.13  210.39   49.28   41.54    99.06    79.63  127.72    8.31  218.19    3.90   82.10    6.86   -37.64
    6   21    10.00    20.00    37.67184   137.36217     6.264     1.3376     1.168099999    -0.330699980    -0.837400019     0.170599997     0.110399999    -0.853299975   20   41.15  211.98   49.28   41.09    96.01    83.07  126.89  354.99  217.22    4.11   83.86    4.55   -40.39
    6   22    10.00    25.00    37.69768   137.40849     6.264     1.8705     1.641800046    -0.445700049    -1.196099997     0.186800003     0.204600006    -1.178599954   20   37.50  214.74   49.25   40.78    91.81    87.90  126.22  324.20  216.32    4.23   85.55    1.37   -39.96
    6   23    10.00    30.00    37.72353   137.45482     6.264     2.3069     2.044300079    -0.530300021    -1.514000058     0.202900007     0.278899997    -1.412400007   20   35.53  215.26   49.30   40.70    90.18    89.79  125.41  307.23  215.42    4.30   85.70    0.14   -37.22
    6   24    10.00    35.00    37.74937   137.50114     6.264     2.5875     2.314800024    -0.559000015    -1.755800009     0.169699997     0.336800009    -1.534700036   20   32.85  215.95   49.17   40.87    87.98    92.34  124.29  284.00   34.18    4.15   85.57    1.53   -34.50
    6   25    10.00    40.00    37.77521   137.54749     6.264     2.7150     2.448499918    -0.552299976    -1.896199942     0.119599998     0.378500015    -1.558799982   20   30.35  216.51   49.13   41.04    85.96    94.66  123.21  266.05   33.00    4.05   84.92    3.06   -31.70
    6   26    10.00    45.00    37.80106   137.59381     6.264     2.6888     2.447400093    -0.526400089    -1.921000004     0.033599999     0.412299991    -1.482699990   20   27.25  217.82   49.16   41.33    83.04    97.98  122.18  248.80   31.81    3.93   83.42    5.26   -27.50
    6   27    10.00    50.00    37.82690   137.64014     6.264     2.4957     2.272700071    -0.460200071    -1.812500000    -0.024100000     0.455599993    -1.329300046   20   24.30  219.10   49.82   41.13    80.33   101.25  121.14  241.61   30.58    4.38   81.41    7.37   -24.21
    6   28    10.00    55.00    37.85274   137.68646     6.264     2.0973     1.896000028    -0.360100031    -1.535899997    -0.051899999     0.465799987    -1.086500049   20   21.63  220.44   50.93   40.61    77.88   104.50  120.20  238.98   29.33    5.23   79.24    9.38   -21.70
    6   29    10.00    60.00    37.87859   137.73279     6.264     1.5442     1.388100028    -0.255900025    -1.132200003    -0.051399998     0.388399988    -0.782700002   20   20.01  221.30   51.81   40.17    76.46   106.58  119.60  238.31   28.48    5.92   77.82   10.61   -19.45
    6   30    10.00    65.00    37.90443   137.77911     6.264     0.8288     0.734499991    -0.134199977    -0.600300014    -0.024000000     0.242699996    -0.416399986   20   18.99  222.46   53.16   39.24    75.41   108.59  119.34  240.13   27.87    7.10   76.32   11.63   -18.50
    7    1    15.00   -80.00    37.18521   136.40903     3.396     0.7669     0.736400008    -0.177200019    -0.559199989    -0.054400001    -0.163800001    -0.339800000   20   33.14  207.57   38.70   51.43    94.35    86.52  300.04   96.76  209.74    6.37   83.07    2.72    -5.12
    7    2    15.00   -75.00    37.21105   136.45535     3.396     1.4238     1.356799960    -0.313099980    -1.043699980    -0.072600000    -0.307500005    -0.644699991   20   34.23  206.33   38.99   51.27    96.15    85.04  299.86   87.47  209.44    6.15   82.72    3.87    -7.77
    7    3    15.00   -70.00    37.23689   136.50168     3.396     2.0217     1.914999962    -0.441499949    -1.473500013    -0.096400000    -0.450700015    -0.930000007   20   35.00  206.10   38.91   51.43    96.95    84.42  300.07   85.04  209.59    6.28   82.35    4.36    -9.18
    7    4    15.00   -65.00    37.26274   136.54800     3.396     2.5984     2.451100111    -0.578700066    -1.872400045    -0.132799998    -0.559499979    -1.230499983   20   35.46  206.95   39.06   51.25    96.63    84.65  300.76   86.18  210.31    6.11   82.59    4.17   -11.35
    7    5    15.00   -60.00    37.28858   136.59433     3.396     3.0614     2.871400118    -0.686500072    -2.184900045    -0.163499996    -0.634999990    -1.494799972   20   35.87  207.68   39.23   51.05    96.36    84.83  301.35   86.96  210.93    5.93   82.83    4.02   -14.04
    7    6    15.00   -55.00    37.31442   136.64067     3.396     3.4936     3.265799999    -0.793800116    -2.471999884    -0.193599999    -0.693899989    -1.745300055   20   36.11  208.39   39.42   50.83    95.98    85.11  301.86   88.10  211.48    5.72   83.13    3.79   -15.94
    7    7    15.00   -50.00    37.34027   136.68700     3.396     3.8580     3.597599983    -0.879100084    -2.718499899    -0.173899993    -0.705299973    -1.975700021   20   36.64  208.57   40.00   50.28    96.20    84.82  302.25   84.40  211.89    5.16   83.48    3.98   -18.03
    7    8    15.00   -45.00    37.36611   136.73332     3.396     4.1224     3.829499960    -0.930099964    -2.899399996    -0.094099998    -0.687300026    -2.165499926   20   37.74  208.02   40.81   49.60    97.39    83.67  302.51   74.78  212.13    4.41   83.46    4.82   -20.24
    7    9    15.00   -40.00    37.39195   136.77965     3.396     4.3255     4.001699924    -0.954399824    -3.047300100     0.028000001    -0.628600001    -2.324700117   20   38.88  207.10   41.89   48.71    98.82    82.17  302.64   62.74  212.29    3.43   83.19    5.88   -22.31
    7   10    15.00   -35.00    37.41780   136.82597     3.396     4.4711     4.117899895    -0.968099833    -3.149800062     0.172399998    -0.550800025    -2.447299957   20   40.13  206.03   43.07   47.80   100.40    80.42  302.79   51.30  212.49    2.39   82.52    7.08   -23.78
    7   11    15.00   -30.00    37.44364   136.87230     3.396     4.5530     4.180900097    -0.987500191    -3.193399906     0.316399992    -0.505800009    -2.507999897   20   41.62  204.78   44.04   47.21   102.27    78.39  302.97   43.56  212.73    1.60   81.35    8.50   -23.50
    7   12    15.00   -25.00    37.46948   136.91864     3.396     4.5286     4.143599987    -0.979300022    -3.164299965     0.422600001    -0.487899989    -2.499300003   20   42.90  203.60   44.70   46.95   103.98    76.56  303.06   39.66  212.87    1.14   80.15    9.78   -22.85
    7   13    15.00   -20.00    37.49533   136.96497     3.396     4.3674     3.986399889    -0.937999964    -3.048399925     0.475899994    -0.394800007    -2.424799919   20   43.22  203.31   45.43   46.34   104.27    75.96  303.19   35.79  213.10    0.46   79.88   10.11   -23.36
    7   14    15.00   -15.00    37.52117   137.01129     3.396     4.0825     3.729000092    -0.904700041    -2.824300051     0.475800008    -0.381300002    -2.262000084   20   43.93  203.12   45.58   46.36   104.90    75.30  303.45   35.58  213.38    0.40   79.41   10.58   -22.18
    7   15    15.00   -10.00    37.54701   137.05762     3.396     3.7363     3.421200037    -0.863899946    -2.557300091     0.453999996    -0.380199999    -2.057699919   20   44.67  203.01   45.56   46.54   105.53    74.72  303.75   36.30  213.65    0.50   78.96   11.02   -20.31
    7   16    15.00    -5.00    37.57286   137.10394     3.396     3.2583     2.993700027    -0.795300007    -2.198400021     0.387899995    -0.357499987    -1.789600015   20   45.18  203.47   45.37   46.73   105.63    74.74  304.20   37.75  214.07    0.69   78.93   11.05   -18.91
    7   17    15.00     0.00    37.59870   137.15028     3.396     2.6319     2.427299976    -0.684399962    -1.742900014     0.295500010    -0.304100007    -1.447100043   20   45.62  204.37   45.13   46.89   105.34    75.12  304.83   39.50  214.66    0.89   79.16   10.81   -17.98
    7   18    15.00     5.00    37.62454   137.19661     3.396     1.8576     1.720100045    -0.512000084    -1.208099961     0.188099995    -0.216000006    -1.025099993   20   45.71  205.62   44.87   46.92   104.53    75.98  305.49   41.26  215.30    1.04   79.75   10.19   -17.74
    7   19    15.00    10.00    37.65039   137.24294     3.396     0.9552     0.886699975    -0.272899985    -0.613799989     0.082800001    -0.105300002    -0.531400025   20   45.26  207.04   44.64   46.83   103.19    77.31  305.98   42.78  215.80    1.11   80.71    9.22   -18.72
    7   20    15.00    15.00    37.67623   137.28926     3.396     0.8216     0.740999997    -0.237399995    -0.503600001     0.080499999     0.011100000    -0.504899979   20   42.97  212.10   47.28   43.24    97.42    82.04  127.73   17.33  217.92    2.03   84.19    5.44   -32.69
    7   21    15.00    20.00    37.70207   137.33559     3.396     1.5067     1.349300027    -0.402400017    -0.946900010     0.127599999     0.034499999    -0.937200010   20   41.22  212.45   47.15   43.18    95.99    83.58  126.98   12.66  217.14    1.99   85.18    4.39   -35.67
    7   22    15.00    25.00    37.72792   137.38191     3.396     2.1377     1.925199986    -0.545400023    -1.379799962     0.124700002     0.150199994    -1.304700017   20   36.58  215.67   47.62   42.39    90.61    89.33  126.15  316.01  216.17    2.61   87.35    0.45   -34.77
    7   23    15.00    30.00    37.75376   137.42825     3.396     2.6130     2.371200085    -0.646400094    -1.724799991     0.124899998     0.206200004    -1.556200027   20   34.92  215.99   47.64   42.36    89.28    90.79  125.43  294.06   35.41    2.64   87.31    0.53   -32.44
    7   24    15.00    35.00    37.77960   137.47458     3.396     2.9637     2.723400116    -0.716200113    -2.007200003     0.066900000     0.251700014    -1.700099945   20   32.43  216.85   47.42   42.67    87.01    93.25  124.55  261.68   34.46    2.37   86.76    2.20   -28.43
    7   25    15.00    40.00    37.80545   137.52090     3.396     3.1231     2.887399912    -0.721400023    -2.165999889     0.000800000     0.307999998    -1.738000035   20   29.84  217.71   47.49   42.78    84.66    95.79  123.61  244.56   33.45    2.36   85.41    3.93   -25.58
    7   26    15.00    45.00    37.83129   137.56723     3.396     3.0954     2.887200117    -0.699800014    -2.187400103    -0.085400000     0.339300007    -1.656599998   20   27.26  218.68   47.50   43.07    82.23    98.39  122.75  233.92   32.53    2.22   83.86    5.72   -21.21
    7   27    15.00    50.00    37.85713   137.61356     3.396     2.8586     2.670300007    -0.624500036    -2.045799971    -0.133200005     0.381900012    -1.486799955   20   24.89  219.73   48.02   42.94    79.95   100.97  121.98  230.83   31.65    2.56   82.12    7.45   -18.13
    7   28    15.00    55.00    37.88298   137.65990     3.396     2.3695     2.203900099    -0.492100120    -1.711799979    -0.140300006     0.384700000    -1.209300041   20   22.78  220.67   48.80   42.61    78.00   103.37  121.25  230.27   30.75    3.14   80.46    9.00   -16.32
    7   29    15.00    60.00    37.90882   137.70622     3.396     1.7449     1.623499990    -0.359599948    -1.263900042    -0.123599999     0.321900010    -0.868900001   20   21.33  221.40   49.40   42.38    76.62   105.11  120.76  229.92   30.12    3.56   79.26   10.12   -13.20
    7   30    15.00    65.00    37.93466   137.75255     3.396     0.9425     0.873000026    -0.194300056    -0.678699970    -0.059999999     0.199800000    -0.465999991   20   20.91  221.89   50.28   41.66    76.23   105.98  120.63  232.87   29.81    4.38   78.56   10.55   -12.30
